# Camera list with one line of data per camera:
#   CAMERA_ID, MODEL, WIDTH, HEIGHT, PARAMS[]
# Number of cameras: 30
61 SIMPLE_RADIAL 284 226 166.888 142 113 -0.0121896
60 SIMPLE_RADIAL 284 226 147.168 142 113 -0.0937706
59 SIMPLE_RADIAL 284 226 125.036 142 113 -0.0852375
58 SIMPLE_RADIAL 284 226 124.093 142 113 -0.0836461
56 SIMPLE_RADIAL 284 226 121.048 142 113 -0.0799816
55 SIMPLE_RADIAL 284 226 112.68 142 113 -0.0686994
54 SIMPLE_RADIAL 284 226 108.634 142 113 -0.0682834
51 SIMPLE_RADIAL 284 226 105.557 142 113 -0.0662364
50 SIMPLE_RADIAL 284 226 103.595 142 113 -0.0629106
49 SIMPLE_RADIAL 284 226 104.059 142 113 -0.0633953
48 SIMPLE_RADIAL 284 226 94.1979 142 113 -0.0491142
47 SIMPLE_RADIAL 284 226 112.437 142 113 -0.0665247
45 SIMPLE_RADIAL 284 226 119.031 142 113 -0.0710632
44 SIMPLE_RADIAL 284 226 123.059 142 113 -0.0753728
43 SIMPLE_RADIAL 284 226 132.036 142 113 -0.0883581
42 SIMPLE_RADIAL 284 226 145.873 142 113 -0.0986657
41 SIMPLE_RADIAL 284 226 167.785 142 113 -0.103995
39 SIMPLE_RADIAL 284 226 175.327 142 113 -0.0814656
38 SIMPLE_RADIAL 284 226 186.99 142 113 -0.0860576
37 SIMPLE_RADIAL 284 226 186.42 142 113 -0.0889299
36 SIMPLE_RADIAL 284 226 168.673 142 113 -0.0798574
34 SIMPLE_RADIAL 284 226 164.656 142 113 -0.046989
33 SIMPLE_RADIAL 284 226 155.782 142 113 -0.0198787
32 SIMPLE_RADIAL 284 226 160.213 142 113 -0.0106256
31 SIMPLE_RADIAL 284 226 169.101 142 113 -0.01376
53 SIMPLE_RADIAL 284 226 104.578 142 113 -0.0622079
30 SIMPLE_RADIAL 284 226 842.244 142 113 -1.23805
40 SIMPLE_RADIAL 284 226 165.672 142 113 -0.0814133
52 SIMPLE_RADIAL 284 226 103.945 142 113 -0.0636885
29 SIMPLE_RADIAL 284 226 1250.03 142 113 -4.28321
