# 3D point list with one line of data per point:
#   POINT3D_ID, X, Y, Z, R, G, B, ERROR, TRACK[] as (IMAGE_ID, POINT2D_IDX)
# Number of points: 679, mean track length: 6.4933726067746687
1 3.5441402941762843 4.9581781917212178 8.4063646027703456 43 25 25 1.3890852076267644 36 10 41 5 37 10 40 8 34 12 42 10 43 4 44 7 30 18
798 -3.7811629865315979 3.2234735059080286 7.1579875915203415 125 106 89 1.3368559504356323 49 208 50 284 52 211 53 144 51 184
398 -0.66263106305440966 4.6416596460415347 8.7091643328364068 125 97 108 1.9131783309836203 36 182 35 254 37 231 36 180 35 251 39 141 38 214 40 239
2 -8.2301974537242604 6.7638651495753965 7.7954486742491227 129 89 64 0.80230159932467182 36 11 41 6 35 10 39 12 38 8 37 11 40 9 34 10 42 11 31 10 43 15 44 22 46 28 47 19 32 9 30 9
799 -5.1205918436019573 5.6533121757341283 10.918444625435464 78 58 49 1.0483382394428604 49 207 50 245 52 212 53 161
3 -9.516986382885845 2.9989533099537233 10.237367940650175 42 23 16 1.2972118084486521 36 14 41 18 35 13 39 23 38 23 37 26 40 26 34 16 42 22 31 14 43 24 44 25 46 23 47 34 32 19 48 15 50 32 49 39 52 35
800 -3.1539593955503658 3.7796348338704551 8.8213431507559488 185 168 155 1.3541160128145755 49 148 50 246 52 215 51 188 53 158 54 118 56 94 55 109 58 95 60 103 59 79 61 66
400 5.3556636831441633 1.5052898990660424 6.9921916689098129 109 64 62 2.1716830976216217 39 9 38 6 37 6 36 6 41 2 35 6 40 4 34 5
4 -3.5553931871629278 0.14615248712880211 8.3349886010882699 166 84 73 1.5291823949868293 36 16 41 10 35 15 39 15 38 9 37 9 40 10 34 14 42 13 31 16 44 17 46 13
801 -4.3012528049149594 4.3956741430543049 9.7144814358339495 125 107 97 1.2098569218295394 49 209 50 249 52 223 51 193 53 139 54 132 55 126
401 -0.17955707253173184 7.264737095071121 6.9101557084895848 130 114 177 1.4810070493625542 36 87 39 126 37 92 38 122 34 112 31 120 35 169
5 -11.708723193852336 1.5676599791030477 8.8011237063089069 133 90 76 1.2042767429115018 36 17 41 13 35 16 39 18 38 17 37 18 40 15 34 15 42 16 31 15 43 17 44 18 46 14 47 15 32 20 30 13 49 21 48 7 50 15 52 15 51 13 29 15
802 -6.9931966976426532 5.3267811222720161 10.388298224882053 224 198 186 1.3979760106050791 49 213 50 151 52 224 51 197 53 137 54 114 56 150 55 94 59 67
402 -2.5282157341893896 7.6929100454796462 10.108339734695129 167 141 164 0.78959995572770214 38 26 39 27 40 20 43 14
6 -7.4256799103213602 4.6779017233346796 8.4229936557396279 205 150 103 0.96895732174618632 36 19 41 9 35 17 39 16 38 19 37 20 40 7 34 18 42 17 31 12 43 13 32 17
803 -3.9936526784158244 4.4864990232040967 10.349799727223097 147 127 118 0.71640988237699921 49 214 50 252 52 225 51 196 53 164
403 -4.0349413311098017 11.250283171890773 9.0681348694289383 180 140 132 1.3410003320269983 39 56 40 21 34 33
7 -4.6103762786337086 8.9558367752585486 7.8180775825776827 166 124 118 1.5753221754587814 36 21 41 11 35 12 39 30 38 28 37 33 40 12 34 25 31 21 32 22
804 -3.4456669207451363 2.3296933821004888 8.5131599920900225 105 68 62 0.44774880289314978 49 235 50 272 52 245
404 -7.9465759058969043 4.9818039892560853 6.9543900967746941 152 93 59 0.21674332471143498 38 34 40 33 30 32
8 -4.5723623450092896 1.7741390914137356 9.4813533999260766 140 82 77 1.4141646039857658 36 24 41 16 35 21 39 35 38 22 37 25 40 36 34 29 42 26 31 22 43 21 44 19 46 15 44 48 47 9 32 33 30 22
9 -0.49082096109273615 4.5084780136300227 7.9719267254012474 116 92 107 0.60667009692908636 36 25 41 31 35 25 39 24 38 24 37 28 40 27 34 22 31 20 30 33
407 -2.7421712640906 7.3804970014641089 7.710474140810887 106 94 108 1.0862724663977419 41 73 40 116 42 104
11 -5.0379435014017968 5.337535067363695 6.9063159119024906 185 138 122 1.7089465340226007 36 33 41 35 35 27 39 94 35 89 38 41 38 87 37 101 40 39 42 37
408 -3.1383181838133152 5.0304476385741337 5.9853562202947472 167 117 116 0.33172749016131536 38 86 39 91 40 119
12 3.4979345567918267 6.8482201541860057 8.6790736239289537 33 20 36 1.11975159519434 36 36 41 29 35 45 38 38 35 174 40 31 34 38 42 31 31 45 31 154
13 -10.266736823631371 9.3524755197795137 7.2384277744500194 217 182 112 1.8545190288871831 36 37 41 32 39 44 38 44 37 59 40 52 34 36 42 47 31 42 44 40 32 46 30 75
14 -10.823929560265755 6.3329037707546352 8.4271783544534156 196 135 80 1.5614754527494881 36 38 41 36 35 30 39 39 38 48 37 39 40 60 34 35 31 26 43 63 44 57 32 30 30 23 29 29
15 -9.8898535249345336 5.7204617989763422 8.3629928247370344 204 146 106 1.3009490948528899 36 44 41 37 35 37 39 37 37 38 40 44 34 41 42 39 31 33 43 41 44 43 47 31 32 36 30 31
412 -14.495063206715603 -8.1137707890637785 10.929849809840533 253 228 205 1.0804371224728915 39 55 40 153 37 65 44 86
17 -3.3353312265892319 3.9418102369121377 8.9746433474683673 174 121 127 0.848188927948061 36 46 41 23 35 40 37 44 40 34 34 44 31 28 29 16
814 -7.2306908579866391 5.7739069910447123 8.6506334580493238 173 119 83 0.78192899170442565 49 127 50 173 52 127 51 138
414 2.8017228116910133 5.2622856340197961 8.5687576297427306 53 37 49 1.1580999851030969 35 96 41 105 40 158 34 122 42 110 43 112
18 -10.522307162656753 3.7222781138039047 8.6814681246695731 218 157 114 1.1152251216467235 36 47 41 41 35 41 39 48 38 51 37 52 34 45 42 70 46 45 47 42 50 49
815 -14.068552813692667 7.1161297240982826 14.930405805124433 91 52 18 1.9501602281707191 49 101 50 140 52 137 51 98 51 152 53 111
415 -6.0381205878335411 1.8249603138027359 7.4327964003753486 120 71 64 0.074369360223709435 41 120 40 162
19 -9.5400899789357805 3.5205352826030665 9.3271212476594823 201 157 118 1.3511529940160958 36 49 41 42 35 43 39 49 38 52 37 53 40 46 34 47 42 43 31 37 43 45 44 46 46 41 47 43 32 41 48 22 50 50 49 49 52 47 51 44 29 22
20 -10.051713045627849 1.8217644364308969 9.401368723005664 147 101 86 1.3238046665509273 36 51 41 45 35 69 39 54 38 58 37 56 40 49 34 102 42 44 31 60 43 46 47 110 32 65 30 48
417 -1.2309053444263263 7.2988372682699083 6.4984824372512371 194 181 186 0.97831719515691884 41 181 40 167 42 135
21 -12.92909027921942 0.24664138995587739 7.889688534784999 166 116 91 1.5468563842919139 36 54 41 69 35 74 38 72 37 62 40 70 40 186 34 65 42 131 31 61 32 66
418 -2.9624816466593376 7.9346314863295078 7.6396139026745962 107 86 95 0.88214965633339393 39 79 40 169
22 -12.152184051707579 1.6450723922325079 7.3310441085942557 196 157 123 1.138305334525785 36 58 41 89 39 53 38 57 37 57 40 67 43 66
419 -15.277763124157062 -1.3604621632235163 9.0737331992344892 188 145 131 1.6181212029668763 40 183 42 100 43 98
23 3.1952819040677398 4.756081301003741 11.417035386930582 142 116 127 1.2847063923762918 36 60 41 38 35 105 39 43 38 50 34 88 42 62
24 -1.8996476829662676 6.3321045215883593 6.8947887218503876 191 164 195 1.2876426781977526 36 63 41 99 35 55 39 60 38 62 40 57 34 52
821 -8.2073026162881568 -1.4690867490508368 6.531972339055363 10 8 2 1.6390400106791685 50 240 52 259 51 216 58 191 60 78
421 -2.9128038580149771 5.4289113477198185 7.2066052022602678 162 117 115 0.8730483287159404 41 102 40 224 42 107 43 59
25 -7.4361416348409195 6.7464686220392149 8.5730118737788299 154 113 91 1.2575210013299261 36 66 41 76 35 60 39 45 38 47 37 67 40 59 42 81
822 -10.694406536609026 2.524558137562205 7.3155210470088115 239 177 118 1.1747435964403428 49 24 52 16 51 14 50 22 53 13
26 -2.1069583047595621 4.7375815337124596 7.1440068325398762 188 136 149 1.2846909943496077 36 68 41 56 35 62 39 62 38 66 37 70 40 61 34 54 42 55 31 47 43 62
823 -7.0978575085210345 4.0503731200207138 6.6476010836419341 240 178 125 1.1026160031680632 49 36 52 20 51 20 53 24 54 17
423 -15.548342219724287 -6.4885404434270075 9.9389625863928259 170 147 134 1.6810758302758153 37 160 39 214 41 223 40 248 42 192 44 122 44 207 46 207 47 191 48 159
27 -6.8382370769525416 4.1069213372409932 9.2697433319259073 51 27 8 1.5888334018820869 36 72 41 40 35 66 37 46 40 19 42 42 43 44 44 45 46 54
424 -8.6129826197226258 1.880604938412443 14.601319150083453 117 59 47 0.60547376546624243 38 198 40 258 39 320
28 -8.0204977938187714 3.8664195405760924 9.6561789210687543 145 119 96 1.3390582337681511 36 73 41 84 35 110 39 106 38 98 37 73 40 96 34 90 42 93 31 52 43 89 44 70 46 46 47 75 32 49 30 45 48 50 49 71 56 85 29 46
31 -2.3977169539485894 7.2390563043048175 6.5829726688951995 162 143 165 1.1387656496630298 36 86 41 49 35 84 39 78 38 75 37 90 40 54 34 111 42 46
828 -8.6689332936025387 11.248281661665992 4.176922027391397 174 171 159 1.7241047061340429 50 221 52 37 51 48 52 186 53 157 56 50 56 128 55 54 55 115 58 46 58 108 60 59 60 93
428 -0.024272827409637088 5.3574030616638799 8.944599444694477 124 95 140 1.7841750019041231 35 99 39 100 38 132 37 141 40 124 36 245 35 245 41 190 34 216
32 -4.4286749626163564 6.3229995272319757 6.828618303066321 130 90 98 1.0012003694809448 36 90 41 34 35 57 39 61 38 61 37 96 40 58 42 36 43 52
33 -6.9349711694352241 4.64708540155224 8.8677401430475182 194 146 110 0.87767585553336325 36 92 41 81 35 95 39 96 38 92 37 71 40 90 42 88 43 71 30 80
430 -2.3274308073395464 3.3935977701214308 10.679177035077604 165 118 120 1.6578163574078595 36 271 41 219 35 224 39 300 37 248 40 141 41 86 39 110 34 243 42 178 31 169
34 -0.85816085449519397 5.2908157889783851 6.9048018237436155 147 124 182 1.431947120396772 36 94 41 77 35 88 39 190 38 85 38 184 37 134 40 42 34 76 31 70
36 -5.7208085537588218 4.4629464539968469 7.1381420219441623 130 91 68 1.5080344897898836 36 98 41 58 35 102 39 200 38 134 40 88 34 81 42 57 43 72 44 58 46 49 47 51 48 35 50 60 49 67 52 62 58 155
433 0.93842530471230001 1.8101798810818388 7.7288366456922502 114 65 60 1.8267144525541954 36 50 41 30 35 48 37 58 40 193 41 162 35 292 42 20 42 152 43 22 43 156 47 77 38 199 35 215
37 -4.2242214637529658 4.3958251116015337 7.7560640224511772 114 79 77 1.0963006470715531 36 100 41 106 35 38 39 201 38 274 37 106 40 89 34 83
834 -9.4493660766356644 6.7025224501250475 8.9402379206254974 205 154 109 1.1398506642589818 50 86 52 91 51 89 53 80 49 45 48 37
434 -0.35717100651850708 5.3380314607230561 7.7035862225379255 139 123 185 1.9020166845542354 36 241 35 179 39 269 37 222 40 32 35 181 39 187 38 185 41 28 34 185 34 191 30 55
38 2.870336771610225 3.5535778421238979 8.8533725235880301 60 29 35 1.2803441302772687 36 103 41 96 35 107 38 84 37 110 40 94 34 127 42 91 31 76 43 85 44 61 46 52 47 52
435 -5.2615960842868192 4.3342130809098611 8.4933837158127776 96 75 72 1.6834164628819392 36 183 35 188 39 206 38 229 37 179 40 267 38 237 39 278 34 124
436 -4.6725955375825254 1.9962039349969682 7.8696652618853138 113 71 65 2.1063700514291903 36 279 37 158 40 250 36 156 41 161 35 157 38 151 34 140 34 229 42 172
40 -0.095259444393503631 3.0843558605214048 7.7135218852698717 216 168 168 1.2470905982230316 36 105 41 213 35 112 37 111 34 57 31 64
837 -9.4288366030297261 -1.2627740487442549 7.6183300817635944 168 126 102 1.3984427817218321 49 171 52 253 51 129
41 -0.22371328708384225 2.7331581927965471 7.9419156031477049 133 86 86 1.4161247428274819 36 107 41 151 37 153 34 95 31 168 30 126
438 -11.736523900474587 -0.64284020277091458 6.6423191189808763 234 177 155 1.9576934078902224 36 56 35 47 39 119 38 74 37 23 41 43 38 36 40 38 34 49 32 68
42 -10.732254548478153 2.6432833169684642 9.3178265338289776 189 142 112 1.6308721007892693 36 111 41 87 35 114 38 106 37 113 40 100 34 96 42 68 31 80 43 67 44 47 46 42 47 44 32 51 30 34 50 51 49 56 52 48 51 33 29 30
439 -0.28509093917718636 5.5081180129443528 6.5562700936277034 200 177 215 2.3394307736447022 36 35 35 32 39 46 37 40 41 101 39 88 38 117 40 84 34 32 31 25
43 1.5477841920987743 2.5107566490606663 8.4837157128483529 212 170 171 1.3275498592186319 36 112 41 88 35 220 39 111 38 108 37 253 40 196 34 60 42 127 31 113 43 130 44 90 46 84 47 74 37 35 48 88
440 2.7638219643434221 1.0556403767377549 8.1218332667238133 99 48 45 1.151411976053935 38 2 40 3 34 1 31 1 32 1
44 -11.508822701251464 0.96033640871955162 9.3667924218391754 168 114 97 0.95040966758623169 36 114 41 64 35 122 39 73 38 110 37 85 40 105 42 96 43 65 44 64 46 58 47 58 50 67 49 52 52 70 51 66
441 -4.0964349728224292 -1.299790363885704 6.5410886163600761 245 142 125 0.75979374910637798 35 4 34 4 31 4
45 -8.825389462797034 0.98471314060392368 10.089108733426286 131 70 55 0.62924773620130425 36 115 41 90 35 121 39 74 38 71 37 79 40 106 34 147 42 97 43 96
842 -4.0002894900799069 3.0248249557823947 7.7774444306104193 104 77 65 1.0068723065806082 50 218 51 202 53 168
442 -10.203523368969231 4.1728505999488732 9.4597556049254532 190 142 93 1.6203228673426064 38 10 34 17 42 9 31 13 43 11 44 4 32 18
46 -11.720344280611059 0.031435873843499273 8.19099521135157 152 84 71 1.3246059713625211 36 118 41 91 35 125 39 116 38 113 37 118 40 108 34 94 42 98 31 86 43 97 46 128 47 80 32 67
843 -2.852953993021162 2.8855140747903212 9.5526915195968822 148 101 93 0.70638613357482039 46 188 50 268 51 208 44 185 47 183 53 175
47 -4.9242284066330688 4.3317003815280692 7.0087260478941289 178 143 137 1.0077512602842913 36 120 41 80 35 126 39 139 38 133 37 143 40 126 34 82 31 49
844 -0.67858319948082246 4.6761457038753802 13.892012371921437 170 128 129 2.0041574262166013 50 136 49 184 51 116 48 158 50 212 49 183 52 118 29 118
48 -5.6830658435682864 2.4190365599239079 8.564434972549801 42 13 9 0.90768539017553196 36 122 41 158 39 233 38 207 37 114 40 102 42 203
845 -3.0730608153221657 2.7048089783576734 9.9914012428839527 117 74 66 1.719065376361143 41 157 38 296 37 252 43 132 44 191 46 131 47 114 51 120 50 143 49 72 52 68 58 79 48 49 54 106
49 -13.373377853508959 2.2834256229516501 8.5685222449661183 175 126 86 1.8253140477345982 36 124 41 159 35 158 39 155 38 149 37 156 40 103 34 99 31 56
846 -3.6915630822004815 3.0020765363051249 9.1045172131757717 73 50 44 1.5508181688574358 42 128 43 142 44 112 46 133 47 134 52 241 50 205 51 150 48 93 50 64 49 70 52 67 50 208 53 87 54 105 56 83 55 97
50 -0.68218941391021248 8.3607653038118404 6.3066798741643995 106 89 151 1.3828793771208361 36 126 41 20 35 199 39 105 37 126 35 77
51 -3.9587856022694359 6.3688733763014334 7.0690849303399066 154 114 121 1.5249545399220381 36 132 41 214 35 173 39 189 38 177 37 174 40 174 34 178 42 137 31 156
52 -1.183250293352762 3.520316545183471 6.657679981544355 201 150 159 1.8614057809648201 36 141 41 39 35 65 39 209 38 230 40 65 34 86 42 41 31 72 43 196 47 24
449 5.4491246252958598 -3.2063377189295705 5.6061612335201394 0 0 0 0.2422915101163311 36 99 39 174
56 1.5390652149375388 2.7603144431500031 8.2943157040398923 126 92 99 1.5017628812747754 36 150 41 152 35 150 38 146 37 251 34 133 42 200 31 105 44 109 35 274 46 159 47 173 48 54
853 -5.4937903983588567 4.9711749858475605 6.7125662322831312 216 169 146 2.6014071270833297 50 28 52 26 49 17 44 29 46 33 47 27 48 20
57 -1.3217916757505426 2.9693363783701709 9.218338633327587 159 103 106 1.0360621334325033 36 153 41 247 35 155 39 236 38 209 34 175
59 -3.0460676851615882 2.1010456569719658 9.9499683155416285 154 104 99 1.1983214523347627 36 158 41 236 35 214 39 229 38 152 37 115 40 252 34 167 42 154 31 110 43 215 44 160 46 195 47 146 50 198 49 237 52 248
456 -3.8897527854821097 2.7517709272999529 7.0544507232698388 57 42 35 0.94879439266860455 36 267 34 177
60 -10.884216382984379 2.1130727108436762 9.9593031452637835 152 115 99 0.45702952749988546 36 159 41 237 35 216 39 230 38 205 37 191 40 145 34 141
61 -7.9064247707218751 1.9774438997748272 10.144314878375022 126 77 69 1.1888698821728636 36 162 35 117 40 146 34 100 34 149 43 92 44 92
62 -10.080290466598326 -0.90646775812042957 8.6758679613649363 229 137 116 1.4365295479472282 36 165 41 125 35 162 39 161 38 160 37 168 40 151 34 143 42 105
63 -1.8477983191820115 8.681927900722032 6.9268645072918078 234 210 246 0.65776773585258852 36 167 41 178 38 249 39 253 37 208 40 214 31 147
860 -0.84371515538998576 5.4902158500452698 10.776855408840202 210 159 164 1.8016985591590842 46 31 49 200 51 178
460 2.6443974508946333 5.7023392551030572 8.3484136211714688 88 79 108 1.9600147552654497 40 225 34 213 46 137
64 3.595786095614848 6.2112555010486066 7.9520773785359378 29 14 17 1.1720174865496045 36 172 41 136 35 175 34 116 42 106
65 1.7391328141870879 5.0044207789828556 8.1180863238464411 106 85 92 1.4386755589813061 41 98 46 101 47 95 48 80 50 114 49 115 52 110
462 -3.7448956789575676 3.5059877377099777 8.3720929824736601 143 113 110 1.4925852316621968 36 146 35 267 39 221 38 218 40 204 34 128 38 138 40 132 31 102 30 123
66 -1.3895995300443744 5.1947432820584458 9.408718965382473 215 178 191 1.0565325912877883 36 179 41 198 35 248 39 275 38 200 37 142 40 228 34 217 42 113
463 3.5999386449644124 3.4926932024876876 9.5594947681705431 94 53 54 2.3407990171066633 36 148 41 115 35 147 39 238 40 140 34 130 36 147 41 112 35 145 37 150 40 97 42 122 42 119 31 77 43 87 44 95 43 124 47 70
464 0.20622912521171391 5.3225639244753191 7.9345421714633337 112 96 150 1.733650533118424 36 243 35 241 39 193 39 264 38 186 34 187 39 66 37 69 31 127
68 -11.456407272515298 0.36748106570347538 8.3566634334594418 179 117 104 1.6140601457578818 36 194 41 123 35 205 39 167 38 157 37 195 40 187 34 160 31 130 43 138 46 127
465 -12.247110797595678 6.7147891699175135 8.0181996179127939 250 216 149 1.6078035894950866 35 20 34 19 31 11 32 14 30 19
69 -13.00274608698561 1.1944976014415869 8.5234035050477956 181 134 106 1.7152159520925117 36 195 41 241 35 207 38 305 39 319 37 197 40 191 34 146 31 107 43 136 32 110
866 1.258777545485759 2.8222499800813194 9.3849858293487003 130 95 89 0.6405665712831361 49 9 50 10 53 7 55 8
466 -10.725610337185282 3.7290923805197695 6.7960022153358493 216 144 86 0.89833860118443876 35 51 34 56 31 35 32 40
70 -8.1628187983010498 1.7055151914086801 7.4029033389693755 97 53 45 0.73814227443966318 36 199 41 164 39 157
467 -12.764080394611677 5.0360476522169462 7.0341563461499943 206 150 97 1.2289721759635168 35 98 34 107 44 105 46 79
71 -2.7122233369177642 2.84063300574477 10.012789744099376 129 91 86 1.6668535414894616 36 210 41 154 35 278 40 244 43 160 44 140 46 120 47 139 48 68 50 95 49 139 48 124 52 99 51 119 53 110
868 1.387889679236697 1.2677597220681751 8.0883755950069549 144 94 87 1.2898618581661956 50 17 51 15 52 17 53 14 49 20 58 8 60 7
469 5.6963127276483005 9.6843236512683486 8.0336805167791709 36 31 28 2.2680379157235078 35 166 34 152 31 63 32 74 29 21
75 -8.9111127216101043 3.6486285393689619 9.841966302699829 148 113 93 2.0197002957218264 41 216 35 194 38 216 39 292 37 138 40 235 34 129 42 124 43 203 46 153 50 154 49 149 52 260 36 223
472 -14.020953819263168 -9.100359096116712 11.20992603260769 255 251 238 1.50066902854657 40 161 42 86 43 100 41 82
76 0.4822157389967191 3.3385904587277659 8.3226472547162871 133 92 96 1.5560368996918283 36 224 41 210 35 109 39 290 38 103 37 242 40 135 31 51 43 122 44 133 46 111 47 100
873 2.6384953475207773 5.2750204014238795 8.7623039368990341 130 110 122 1.3275313047417727 49 30 50 38 51 29 52 33 53 36 54 31
473 -0.18928950204399417 5.7560672536279496 6.1462241491158389 144 133 188 2.1600013862588936 40 223 42 89
77 4.3800245742465487 4.7839167809327643 12.183544161148676 76 37 42 0.71344308829588099 36 226 41 202 35 260
874 -0.96643670362529743 5.5124277420524885 7.9435889382946394 136 128 184 0.8903713154197207 51 36 52 114 53 37 54 26 56 24 58 21 55 29 60 19
474 -1.0421201733892225 5.4946714784677324 8.4497320413287351 154 125 154 1.4202162710650981 38 263 42 111 40 227 43 175
78 -13.175720078581895 9.9488306696884887 6.8405418911329212 17 17 9 1.6358521994431123 36 230 39 251 41 72 38 248 37 205 34 201 31 67 32 59
875 -0.75505605304307655 4.2844430223842496 7.6080348173068071 140 128 178 1.6991178315094118 51 38 53 39 54 28 56 28 55 30 58 37 56 89 60 37
79 0.69847228581527476 4.1954182060125405 7.7151027917822335 165 140 146 1.9452833669172716 36 253 41 145 39 203 38 234 40 209 42 142 43 118 44 163 46 140 47 124 32 85 48 82
876 1.0642391730962288 5.5928253325446429 10.032356562360421 144 101 105 0.90646928044655106 49 32 50 35 51 39 52 31 53 40 54 37 56 35 55 31 58 38
81 -4.0561668837251457 3.2812435482817772 10.168925368636554 62 42 35 0.37989898105721387 36 258 41 217 35 208 39 298 38 312
878 2.2138886188793232 2.7398011965507396 8.8682317591290047 189 159 156 1.0246030397955082 51 86 53 44 49 157 50 131 52 129 54 145 56 110 55 107 58 115 60 81
478 -10.885892313225918 7.0189187930593819 4.5027802909580661 228 223 181 0.39218514741115662 41 182 42 175
82 -0.64954263628097064 3.509589745802232 8.6139456744700791 208 157 159 1.6585068930427143 36 265 35 265 39 287 38 193 37 182 40 232 34 223 32 151 30 57
879 -1.1596947437876153 9.5078369918761236 10.145968547006138 189 182 250 1.154792349754634 52 51 53 51 50 108 49 62 56 31 58 30
479 0.83059956680649338 3.9027895695502877 7.503020874333183 129 98 104 1.4675935561423241 38 231 42 187 43 170 46 142
83 -5.9088875654157276 3.6827400978296532 10.253351509002076 51 38 32 1.424607188054881 36 266 41 113 35 270 39 295 38 143 37 243 40 201 34 93 44 89 43 126 32 63
880 -2.7684048581383678 3.6941650524567886 7.1053927799964214 175 130 133 1.2430549915193281 49 90 51 58 52 60 53 62 54 55 56 61 55 66 58 68
480 -5.839409719306123 2.8673254876963417 11.107748321499436 81 42 37 1.4297743324989736 40 246 42 204 43 211
85 2.0678749195274735 2.5774630455937588 8.2926634659728666 103 63 63 1.847067440261533 36 272 41 156 35 275 39 156 38 107 36 108 40 143 34 196 42 148 31 140 42 198 46 115 44 110 47 104 37 189
882 -10.521891246444319 -1.5267341426482259 7.172078951482197 103 79 71 2.3411509659174516 49 109 53 67 56 101 58 190
482 -0.49098113984449337 2.3373093233253384 9.2223321646807932 88 50 45 1.6483888704914365 36 206 41 118 36 75 35 50 39 112 38 70 37 77 40 144 34 62 42 34 36 18 41 21 37 19 31 81 43 23 43 128 44 26 46 24 47 14 32 52 30 60 48 13
484 3.4548124555749662 5.6664886264179817 11.939446339640901 114 93 97 2.104983549088121 35 138 34 123 42 40 35 253 41 195 38 259 40 268 31 136
88 -8.1736869463634321 1.01159575348968 10.061132519004689 162 98 82 1.8776704597721086 36 284 41 243 39 122 40 163 34 235 42 163 47 144 50 146 52 140 51 155
485 -2.372543912318902 8.0855222989428803 8.2548036259649926 141 126 155 1.7609931376097172 36 237 35 232 34 51 42 49 31 121 32 42
91 -2.2993945285767969 -2.7529002833328975 5.6809280426839752 250 137 119 0.68110141861379703 36 3 35 2 32 5 34 3
888 -4.4370372026724727 3.9368497703102903 7.8784859336761182 85 61 46 1.5108140742334033 49 107 51 109 53 81 54 42 56 37 55 36 58 33
493 -8.4466493913569902 1.8772615240705133 9.519522974477411 139 83 70 0.16220504248940898 41 238 42 208
97 -1.7384854956630158 3.7092821125059192 8.254032305863733 183 131 135 1.4966987159763714 36 7 35 9 39 11 37 8 34 8 31 7 32 8 30 7
894 -2.8011632373220889 2.5573560989919599 7.295500453818323 105 76 70 1.2638176183118439 51 115 52 226 53 107 54 151 56 151 55 127 60 76 59 66
494 -10.358260386533752 8.1572549444743725 5.0826222077800285 250 250 225 2.2120360297954806 41 33 43 48
98 -0.88203000609877591 7.6721307656988511 6.6011405353136725 250 252 249 1.1220830084593154 36 12 35 11 39 21 38 20 37 14 34 11 31 8
495 -6.5922233234593826 2.399203301437248 10.087979452449755 101 62 57 1.6103070683711143 41 233 42 207 43 217 44 195 44 197 46 171 46 193 47 196
99 -10.072844617545755 -1.8208602274871477 10.210449398766778 219 114 95 2.2075092456381387 36 15 35 14 39 17 38 16 37 17 40 18 34 13 42 8
896 -1.2357534582226295 4.5768665543351181 6.912377087415182 181 161 171 2.331506290435315 50 234 58 136 60 117 59 62
101 -11.997350217515352 -1.7536193852814439 7.9496759888606219 208 108 92 1.1165002990419834 36 23 35 22 37 22 34 20
898 -5.4948984692426874 5.5173910840241858 10.818811057047593 67 47 39 1.017522565239545 50 177 51 143 52 160 53 142
498 1.9113414894478225 1.4677845629611019 10.674544455148375 115 62 59 2.0397671538819191 40 16 31 19 43 8 44 11 47 18
900 2.2275104022049268 2.4231519789703442 8.4455970266330453 125 86 87 1.7160817686611527 50 241 52 156 53 153 54 148 51 180 55 106 55 121 58 116
500 -2.5823544124256506 7.531011453466907 6.2669475445015985 125 107 123 0.25072236428565464 36 13 32 28
109 4.1263533403837869 2.3509116274103818 11.120666498699354 123 73 72 2.1562921445926317 36 31 41 17 35 44 38 33 37 43 40 25 34 30 42 21 44 20 43 16 46 16
113 -0.17103011778636421 6.3333803922732059 7.0051822004316051 134 115 175 1.6964021435695422 36 88 35 54 37 94 34 74 44 49 46 96
910 -2.1346535804285214 2.8844758589397355 9.8145162136765087 150 103 97 1.4929781422505639 51 149 53 109 54 154 55 130 60 88
114 -2.7082313927503732 5.8493170831867705 8.2705312415494525 142 95 101 1.4599580539869446 36 43 35 58 39 38 38 49 37 49 40 43 34 40 46 72 44 80
514 4.2710849017970656 1.4435195503702627 11.065657770777435 0 0 0 0.70575223348815452 37 24 38 21 39 22
118 -9.4033097391879625 1.7674222955475949 10.171929968420391 138 92 77 1.6956855024865425 36 52 35 70 39 160 38 240 37 256 40 148 34 63 34 233 31 83 43 152 32 146 30 88
515 -11.725051766796785 7.4466272221080052 7.0698331882785048 176 137 70 1.2509279151873263 41 19 42 19 43 28 44 23
122 -4.4711889185871465 -0.099749302453593466 10.101333859282756 167 79 65 1.3062567733489783 36 55 35 76 39 170 31 59 43 19 47 16
127 1.3410940798286022 8.2844457840325862 7.1508321662366345 104 97 167 1.0652953886949152 36 85 35 83 34 70 31 90 32 124
524 -0.64645967062317544 2.4678155579320427 8.4417842969427888 119 70 66 0.90308674446398052 41 228 43 207 44 184 46 119 47 138
128 -5.784033599820062 6.2492379752212859 7.174059607298771 155 115 103 1.1230530336695532 36 134 41 75 35 86 39 87 38 78 37 99 40 81 34 75
525 0.82819400563849022 2.224694202601075 8.6370042201276753 152 103 99 0.86439274391082543 41 234 42 202 43 209
129 3.4963800398269109 5.8636667525981254 7.9530947858832191 61 49 60 1.707885866897362 35 87 39 133 38 181 36 240 35 178 40 117 34 117 34 192 31 124
926 -2.6685164553648684 7.603265400790435 7.1425968007441849 137 107 121 0.84840073698228657 49 11 54 5
526 -2.1192197841082949 2.8229944297284635 9.2826106992120092 115 72 69 2.0646073513998853 36 57 35 68 39 51 38 45 37 76 40 66 34 61 42 69 31 55 43 91 36 211 41 129 35 221 39 151 38 147 37 186 34 172 42 126 44 91 46 55 47 56 48 52 50 48 49 181 52 45 51 43 53 46 54 44 56 41 55 38 58 42 60 44
130 5.8368833363473289 5.3117992647077834 8.552160487430541 81 50 47 1.8925644557781756 36 96 35 93 38 264 37 228 34 188 31 126
927 -0.84156904078199624 2.4109038305242683 9.8288675332113051 140 93 92 1.1027843242951212 52 18 50 18 51 16 53 19 54 16 56 14 55 18 58 18 60 16 59 19 61 17
527 0.67076085947919051 6.6712192290317072 8.3944789380505913 102 92 175 1.1108528697620701 42 12 43 5 44 8
131 -5.1037983765555079 4.9780216502417591 7.4313438727522678 133 90 75 1.0153053618359338 41 79 35 94 39 99 38 90 37 103 40 87 34 79 42 84 31 138 43 113
135 -0.96936048830674348 4.1941062685616162 7.5782026409257472 143 101 115 1.5843403009161003 36 101 35 103 39 102 38 93 37 107 40 62 34 85 42 58 31 98
932 -2.317717731736272 1.7323416565482304 5.1266119793088096 164 108 61 1.3266583221246389 53 26 54 61 56 38 55 35
137 1.8866535700477953 3.5610993185736062 8.6846812465316656 106 80 89 0.65039376593367126 41 63 35 108 39 70 38 99 40 113 34 91 42 63 31 75 43 70 44 60 46 51
534 -12.7339357855865 -0.57167260172803269 8.2771046521284593 178 127 98 0.86360624588649204 42 160 43 197 47 142
138 -3.3433936612926205 3.4978379314950439 10.539327574907089 95 64 59 1.9327424049035102 36 106 35 113 39 147 38 114 37 112 40 200 36 216 34 106 42 72 31 106 43 127 44 180
535 -11.512597855619585 -0.96160819057620928 7.912402944336085 185 121 99 1.6121093074656039 42 190 43 220 46 204 44 204 47 81
139 -5.8080661309344244 3.0487690702017343 11.361394384650648 39 12 5 0.78480409103600102 36 208 35 115 37 125 34 98
140 -1.4673842475930932 2.5499955162531815 8.567802808804613 175 125 124 1.4011045289833386 41 153 35 116 39 154 38 148 37 155 40 101 41 44 34 97 43 204 44 167
537 9.300390990222434 -6.3362377553410942 13.32598992503096 93 53 53 1.4844587831001483 39 328 38 119 37 200 40 236 34 232 31 91 43 99 42 101 41 95 37 81 40 112 32 72
141 -10.562836666190748 1.1427144239634333 9.6991834325942179 131 75 60 0.51308058044502047 36 113 35 120 39 114 34 103 43 95
938 2.4161138923309684 2.3725434035077648 8.7791090595798345 97 54 55 1.3870020593051944 49 176 50 176 54 125 55 122 60 99 58 117
538 8.2047214730891671 -6.6433040034529194 12.373396635834041 71 45 45 1.9724912998337782 37 260 41 68 35 203 37 257 40 179 34 205 42 215 31 139 31 155
142 -14.683949282621439 0.5630430607413407 8.503107196464919 168 132 119 1.528817345968672 36 116 35 123 38 112 39 165 37 117 40 107 34 161 42 130
939 1.1771862237980213 3.4148514697603849 10.120151233130459 146 103 97 1.4710548786630686 51 110 54 131 49 97 52 206 56 140 49 212 58 159
539 1.3489620357832637 7.132673254930487 8.0673583654724101 84 77 154 1.3869285904422974 38 4 44 1
144 -0.70035891011402118 5.1961882930694516 8.2683125188618778 124 107 151 1.2133033120311703 36 137 35 127 39 137 38 116 37 104 40 125 41 189 34 121 31 160
941 1.2824627605983581 2.752653085211116 8.2838310558383625 114 83 78 1.3257718093427044 49 204 50 171 52 210 54 144
541 9.8885393074865764 1.6432198307766106 14.698124169115362 0 0 0 1.4856018186393607 42 5 43 9 44 12 46 8
146 0.10317982128006672 7.5526670953179549 6.4753968605103429 106 107 143 2.0577212186595815 36 128 35 130 37 218 39 125 34 69 31 119
543 -5.038472561444638 8.9969684793738409 7.4726374400837745 0 0 0 2.1052059481416356 42 14 43 12
147 -2.0166605380360134 8.5747544011274641 8.2735538805847622 120 105 132 1.5805015939973945 36 59 35 132 39 181 36 169 38 254 37 219
944 1.8573406273814337 2.895529336289616 7.9491443145445544 119 94 100 1.5455803783173399 49 104 53 97 54 39 52 121 51 53 50 121 56 69 55 33
544 0.881008774328774 3.2396694730542812 7.4089552387950377 159 124 130 0.67741148949410623 42 29 43 35 44 27 46 26 47 23
149 -1.0411567440357725 6.1521611506313834 6.5015484229142224 238 211 252 0.79541504107429772 36 121 35 134 39 131 38 76 37 123 34 114 31 93
546 -1.3247269445723877 6.6748207098036803 8.4671987084918214 195 176 203 0.9394998597474864 43 54 44 52
150 -1.282996406737094 6.2275632123161815 7.0988949928211982 175 148 192 0.82445623350813979 36 133 35 135 39 132 38 258 37 132 40 175 34 115 31 69
947 -0.294729785996654 0.46379945245034021 4.1712174725068945 246 218 144 0.20630223133035802 52 6 54 2
547 -2.6057102209221821 3.305008111136913 6.1182295255274814 184 146 145 0.89380930899043831 42 87 44 84 43 83 46 48 47 50
153 0.2019712211111257 2.9115536606710637 8.0229825485155111 132 93 94 0.93995094632804788 36 151 35 148 38 212 39 232 37 247 34 132
155 5.4851919207401938 4.1002909159846643 13.872272768290165 109 68 63 1.2856115835225477 36 214 41 116 35 153 39 237 38 210 37 249 40 199 42 176 31 79 43 159 44 111 46 118 47 136
552 1.8679370283483423 2.0383567710756418 8.361015846880278 115 74 70 1.0343847487133944 40 251 44 141 38 302
553 -1.9572741142642056 1.3714217890012308 9.1281769234095904 174 100 91 1.1730062033894109 39 223 44 145 46 146
158 -1.0545965682706453 7.3784945380803961 7.0607226349680206 155 148 166 0.7836793795690572 36 129 35 165 39 184 38 172 37 130 34 206
160 -3.6854596295476392 2.0210786312200248 9.3598096102286679 137 88 84 0.99702744712974545 36 160 35 168 39 240 34 142 43 216
161 -0.50273116546631291 6.043107482612645 5.7678680493480385 181 165 230 1.7955181125642208 36 131 35 171 38 77 37 93 40 74 34 148 34 207
958 2.6548771807860323 0.68459316571607076 8.8455041721855796 123 74 69 1.059101937380166 53 31 54 27 56 19 55 26
162 -1.459719514292706 6.7537601231072388 6.8138835516241665 176 162 188 0.87893144397911316 36 171 35 172 31 123
959 0.74269581959650233 6.8760698048319178 12.168236813206073 178 132 134 1.5398295930182959 49 65 50 45 51 40 52 40 53 42 54 40 56 36 55 34 58 29 60 39 48 34
165 0.30157706699755737 4.961979283412199 7.788651191274492 179 162 189 0.746267569617311 36 176 35 182 39 196 38 190 37 176 40 122 34 184 31 134
166 -1.1584282598935873 4.9611983016714163 7.7211225362609319 218 190 212 1.0838969781212591 36 175 35 183 39 195 38 189 37 226 40 123 34 183 31 96 42 112 43 174
168 0.32201971990415701 3.842306540905986 8.5906198824775117 135 93 94 0.83941066863097091 36 145 35 191 39 69
965 0.83193127790092258 4.9548807637606052 7.4902824000419468 93 87 160 0.86989547451102067 50 52 56 25 55 27
169 0.76247788733381194 3.5695672594898378 7.4057157121811645 166 133 142 1.6865507708208969 36 259 41 108 35 193 39 211 38 223 40 130 42 188 43 168 44 104 46 106 47 96 50 166 49 120 52 117 51 103
966 -1.4407616781143735 3.7606045335012848 5.1718745464776479 156 121 128 1.2025621845908749 54 21 56 30 60 31
170 -0.29807739784363152 3.283350970271341 9.1869601749466092 150 100 101 2.3874186630332881 36 220 35 197 39 297 38 213 41 149 34 131 42 197 31 103 32 103
967 -2.4408932463345261 3.2907578502356252 5.3211566016653276 198 158 150 1.1499409710018058 54 34 56 34 58 36 60 34
171 3.6180021335813262 3.7714129553737714 11.521554400252928 119 80 83 1.7479893086725973 36 218 35 200 41 148 39 148 38 144 39 109 40 137 42 121 31 114 39 302 44 137 46 155
172 -5.450998685807483 2.8228438542499199 8.2626822281975336 54 45 40 0.43336188971594131 36 213 35 202 39 304
969 -3.9520398135045727 4.5737264410363343 3.832778968549754 111 101 92 2.2146145537197186 54 120 56 46 51 157 58 82 59 49
180 -14.890848668152643 -1.2667525059930171 9.4353584131466341 222 154 143 1.4788923560350205 36 249 35 222 37 120 38 310 34 225 36 250
182 0.10049630320478621 7.8434374363910155 5.4791618827417867 133 123 223 1.2909285125335292 36 227 35 226 39 249
979 -0.69115342610909591 4.5224500792621916 8.0459307131356805 132 109 163 1.0430866745656622 51 104 52 151 56 90 58 194
183 -2.9854916450881697 9.0371763325703522 7.2314444284775776 167 141 140 1.4555355720175165 36 166 35 228 39 83 37 145 34 202 35 229
980 -2.4176281490406004 3.9959330948478873 8.864047420985198 188 134 134 0.82659386588450001 50 174 52 130 56 91 58 91
185 -1.941526636931717 7.3280969723633387 5.7607223631553168 136 123 144 1.7685274259729977 36 235 35 231 38 252 37 217 31 118 43 38 42 33
982 -8.8940138620682099 -1.8757966876799483 7.9504527198213646 210 130 113 1.0450241779679483 51 161 56 103 52 256
187 -0.40325700159364519 2.4949050309209451 8.220675256664169 165 115 115 1.4916008048825302 36 209 35 239 39 235 38 208 41 155 37 187 40 197 34 171 31 171 43 206 44 113 46 116 47 105 32 106 30 98
984 -10.99749597209944 -1.427427418675945 8.427306350422203 232 169 150 1.2227884377606131 51 128 56 118 58 127 60 94
188 -1.2664137873695973 5.1071953897919249 7.4660709496095183 143 114 148 1.7875402387323509 36 242 35 240 38 131 37 139 34 215 31 128
985 3.2129394741911601 -1.8424675115511582 8.8434419538729685 81 42 42 1.0236115493282809 49 241 56 119 59 102 61 89
191 -4.6408957964124271 -0.16696465638301397 8.8760163310615514 207 120 107 1.4446687539858252 36 192 41 172 35 247 39 220 38 197 37 193 40 184 34 226 31 152 43 103 44 119 46 87 47 97
988 -10.825183066726737 10.933405120575603 3.8893450189317957 105 100 86 1.0928897112328142 52 187 56 125 51 166
192 4.8257529506032419 3.8402018609579294 6.1428823388872349 98 63 61 1.7237688646548708 36 288 41 197 35 249
989 1.385187561703785 5.9941784988497027 9.8964383383602641 128 110 111 1.439361691411511 50 165 56 132 58 86 60 79
195 -0.34310845534263118 3.9446415864635522 8.1791242071204469 178 121 127 0.6592728933738109 36 185 35 258 34 221
196 -0.28186320212742055 3.2484922344419758 7.223726072985726 169 115 115 1.1709829390011839 36 262 35 263 37 239 39 284 31 165
200 -15.685668776365327 -6.0359592901479431 9.7828104022129558 221 209 168 1.361593629674924 36 233 41 93 39 250 40 111 44 97 46 88 47 87
201 -4.0372140912823973 2.5602892338099972 10.565159875777127 99 55 54 2.4640996553446217 36 205 35 280 39 239 37 157 40 195 35 156 34 169
202 -7.5983900177075956 2.3979851201633382 10.066350249000267 69 33 29 1.1153843044401497 41 160 35 282 40 104 34 168 42 151 43 213
205 -8.842175776853523 0.60807591979977993 9.4226633473604622 167 98 82 0.73433786937429901 36 281 35 286 39 166 37 188 40 260
206 -10.906812103618639 1.4941805745295489 9.7827183727845863 144 101 85 0.50850321834849332 36 197 35 287 39 224 38 304 34 164
210 -0.7127910939922899 4.8998629856928515 8.4747655916766025 154 129 151 0.56257330192450905 36 247 35 294 38 270
1007 -8.8585193736224266 -1.2288391198105393 8.0851261832786019 200 122 105 1.7343619826092702 51 94 56 44 52 181 50 188 55 49
211 3.2003674893635163 1.2261459922084108 8.7222765161145404 103 50 48 1.973705444372184 36 22 41 12 35 23 36 4 35 3 39 4 37 3 40 17 34 26 31 23 32 24 30 35 30 1 29 25
212 -2.809100672661335 6.2569401674938163 7.3346615903690742 154 124 134 1.4744700144978626 36 42 35 56 39 42 38 63 40 82 42 51 43 53
213 -3.5194494644867964 6.4715479550599788 7.8103081674437718 120 79 97 0.89600860711105668 36 65 35 59 39 64 38 64 37 66 40 176 34 53
214 -3.5724053884689155 3.7310626395364093 7.6065290184408543 121 81 81 1.1145684308669876 36 142 35 141 39 104 38 95 37 108 40 91 34 87 42 61 32 152
215 -6.0543565543125748 4.0507243144959659 8.8323957154537993 109 91 81 1.0282247039680228 36 143 35 142 39 143 38 137 37 147 40 207 41 203 34 125 42 116 31 163 43 198 46 112 44 107 47 101
1012 1.4128912546043582 4.643297282509578 8.735718943859851 144 132 137 1.3043832128282484 53 94 54 123 56 120 55 85 58 134 60 119
216 -4.4832313554017222 3.1834878084468534 9.4060310508957201 96 81 74 1.5618323289443361 36 215 35 163 39 301 38 292 41 221 37 246 40 242 34 176 42 199 43 162 44 139 40 270 46 154 47 135 50 204
1013 -2.6978609273693248 2.1767864576251639 5.2987492139371195 202 147 106 1.911030371083666 51 106 53 100 54 95 56 139 55 88 58 160
218 -4.1020205418322542 3.6218177026074314 9.5945390269360615 45 25 18 1.2600381920035519 36 221 35 196 39 293 38 215 37 207 40 211 34 150 42 219 43 165 46 156 44 172
1015 -0.98488473102548812 3.1004379275672393 5.6847169988070849 188 166 157 1.0084816489215382 52 192 54 121 55 105 60 57
219 -4.6882722300509263 3.6234901547192129 7.415840268012527 86 64 58 1.0586076720200064 36 187 35 236 39 210 38 225 37 180 40 208 34 222 31 162
1016 3.1739885212804122 2.8476325497326203 8.0019523145342042 81 40 44 1.0309461527547215 50 168 52 199 55 119 60 120
220 -4.4258560460612149 3.5844735849266391 8.7219372630857102 70 51 45 0.60093227876984279 36 263 35 266 39 286 38 285 37 240 40 230 34 179
1017 1.2731525364196676 2.1704592602636419 10.51512861994223 175 124 121 1.104632978031898 56 115 58 177 60 105 59 84 61 67
223 -11.888855160663905 9.4585698781467045 8.5008302345201763 242 216 146 1.1923163233601468 36 2 35 1 39 1 38 1 37 1 40 1 34 2 31 2 30 3
1020 2.1550381951039155 2.1998287752238839 8.6541627377399326 92 54 49 1.3884440982146 52 217 50 247 56 142 55 89 54 96 56 111 58 156 51 61 52 95
224 -13.661678604472804 6.4303898848323282 7.5422783609942208 173 124 71 0.64272950673385121 36 20 35 19 39 20 38 11 37 16
1021 2.1296811695672417 -3.028435846678287 9.751906920839744 93 58 56 1.1800830212580247 50 93 49 78 52 90 52 238 51 84 51 163 55 132 49 141 51 213 58 107
225 -12.847865208660657 3.0283246678122362 8.9410843701035994 226 169 124 0.82207267710928433 36 32 35 29 39 36 37 36 34 31 31 29 32 31
1022 -2.5991317873764199 3.2033498160232847 8.4224930449471191 146 105 105 1.6402489271066127 52 96 51 91 54 98 55 80 36 74 41 85 35 67 39 171 38 55 37 74 40 98 34 58 42 64 42 194 44 135 46 158 47 127 31 78 32 62 30 97 48 89 53 105 58 54 60 53 56 27 59 33 61 65
226 -12.95653604930585 9.0724820004007878 8.4765339222468299 231 184 114 1.9633204998743015 36 26 35 33 38 27 40 22 34 23 39 29
1023 -0.98994181903796452 2.2864948120358473 9.000039739355767 70 49 47 1.4277555904631483 49 138 54 104 55 102 48 71 50 207 52 242
227 -18.809334948264119 7.9780204814164586 11.099892455063035 189 143 88 0.67597440936984543 36 67 35 61 38 127 39 90 37 100
228 -11.53307692270641 4.8140740997320179 9.4813725503867552 192 132 82 0.26090848477808315 36 71 35 64 39 67 37 72
229 -15.41031628976449 1.4761652393669957 9.7178184754707253 126 85 67 0.84931116463977474 36 77 35 71 39 33 38 42 37 63 34 64 31 99
231 -15.730192511845919 11.103040427408924 7.6697474096859573 0 2 0 1.461960645809383 36 82 35 80 39 84 38 81 37 87 34 73
235 -11.274862910448437 9.5792742250561869 5.9944104992760421 237 242 162 1.3626055151796714 36 123 35 129 39 85 38 82 37 86
238 -10.776149398055916 1.7973609586315074 9.22498326500045 116 82 65 0.33329948022350031 36 161 35 160 37 159 34 144 44 117
1035 2.864989949628475 4.1379786146617139 8.2111128776319671 45 30 35 1.2390839496114487 49 119 51 75 52 53 56 32 58 62
241 -4.9316934082241497 3.52947438035494 6.7182669925946916 82 54 50 1.1285093554608463 36 184 35 189 37 236 38 279 34 181 31 135
242 -10.926380850619369 1.739071541864077 8.8588892829738075 146 113 98 0.54104466162785259 36 198 35 211 38 303 39 317 37 196 40 256 34 166 43 199 46 147
1039 -8.0531052846889146 -1.2854971736038572 7.0318781212749339 175 121 101 0.28921433339921954 50 285 58 105
245 -10.49475647071653 2.4834343220033026 9.6434989298867091 112 78 56 0.78973496200769044 36 177 35 218 39 234 38 150 37 190 34 170 43 133 46 92
259 -9.2906398559819934 4.2928851426771004 8.8196880096331878 181 123 77 1.3255272413416628 41 60 39 68 38 67 37 95 42 90 43 84
268 2.8635995136007892 4.4149023204941642 7.456248564292852 38 22 23 1.7477008543074524 35 295 41 143 42 183 46 138
1066 2.1722640692048336 4.4223836106929388 9.6902833393032353 0 0 0 1.6892853091277047 49 188 50 169 51 134 52 119 58 112
269 4.0646749179905912 4.5339290959901364 10.70235956058675 70 30 38 1.9505176204444987 35 144 39 144 37 50
272 3.4413354460099508 3.1504934987024664 9.9905213172522753 74 34 33 1.6347825653235191 35 154 39 150 38 145 41 220 37 154 40 99 34 134 42 95 31 88 43 90 47 73 40 142
1069 -4.6431263505244624 1.6999633811620676 5.8758588069379183 228 161 106 0.973332925574796 58 1 60 2 59 3 61 3
270 4.4009894898495663 3.8380048676042331 10.504164714313079 71 28 27 1.5876493726273309 35 111 39 146 38 142 41 209 37 149 40 134 34 92 37 241 42 92 38 139 31 53
1067 -7.4953949655910126 9.9029108092888212 4.574716207730134 104 97 81 0.52460361965629443 53 148 60 114
273 -11.87888619083866 -0.9167391913383105 7.406372967638883 200 131 112 0.57857384468958073 41 141 39 168 38 309 37 259
276 -3.193921915036801 5.6905313410917584 8.3836226473608697 135 87 83 1.4114635649691638 41 138 39 191 40 226 42 54 43 81
279 -0.27216626751877315 9.6631132760214982 9.3693179289097408 237 238 245 1.8655971864958751 41 128 39 256 38 121 40 115 43 105 39 258
282 -3.3775681344249002 3.797460083720281 8.5436945878475399 172 120 122 0.44841055908913674 35 192 41 204 39 280 38 280 40 272
1079 6.016014967078684 5.9400574143893285 11.466749949069346 84 52 52 1.757923369408434 41 26 42 85 43 32 43 114 38 192 47 48 48 45 49 121
285 -5.0622024846720253 3.3130719213557978 7.2657327272253394 65 48 41 0.64340138285009341 35 262 39 285 38 283 37 266
288 2.4854953993800226 -3.803792274148837 8.4829252136539459 196 107 93 1.2257332701527019 36 0 39 0 38 0 37 0
1085 1.8897230394822744 2.2086345691324882 11.019379569672791 144 90 82 0.14498414180831073 54 9 59 10
1088 -2.0864243917365561 4.4952441224420703 5.1328599432455588 174 149 154 1.3790182170265615 56 18 58 24 60 22 59 27
291 -8.174070595969825 1.6736724032155237 9.0039557034284332 132 80 68 1.2198841208919136 36 30 39 34 38 32 37 42 40 37 42 45
293 -11.864704394390337 10.124918790976576 7.9388678449725232 253 253 190 1.3081441743775084 36 39 39 58 38 68 37 64 31 41 47 26 46 34 32 45 43 50
295 4.3323787270190559 6.7583162661901452 8.6261591964626714 50 36 33 1.755835530329958 36 64 39 63 38 46 40 40 34 173 38 178
1092 1.7159738488219312 2.892790141731016 9.8823961178877955 113 76 70 1.2045538605170492 54 140 58 119 60 101 59 77 56 124 61 112
305 -4.5808675173092661 4.3328086822484169 8.362617783067666 141 105 103 0.57483486827506525 36 252 39 177 38 232 37 232
1102 -2.112512474141985 2.0994874254771578 4.6403630694536302 0 0 0 0.68794287721290404 58 10 60 9 56 8
308 -1.2402588924271607 7.3773088442000363 4.8292173524154682 203 186 234 0.85848757090636996 36 228 39 248 38 164
1105 -1.9532260937580967 10.845878356415819 9.1746464380134505 148 134 209 0.44686902163937436 32 27 29 12
311 -6.4660309992151692 3.3746957771900772 7.7918506225403288 86 65 48 2.0284864695227429 36 264 39 281 38 287 41 212 37 211 40 215 40 231 38 313
319 -4.155483294716273 2.9581454788467583 9.2590655462126055 73 52 44 0.20499197219755386 39 19 38 18 37 15 40 14
1116 -2.8168772781918747 3.0140893105105131 7.8887086589762472 62 39 36 1.72467284454322 30 68 29 74 31 166 42 146 43 166 44 134 46 113 47 86 32 157
323 -5.5523841301539134 6.4881617144628168 6.1283303214425207 110 75 69 1.2607051465065098 39 28 38 39 37 30 40 30 41 53
1120 4.9796549945878334 7.328824917459106 13.552409793581365 253 226 226 1.3820526942259697 30 113 29 98
326 -11.186668679699054 2.176341074301948 8.1868411071353488 126 82 62 0.88766780788574806 39 72 41 232 38 69 46 194
1123 -12.917421170054642 2.6203306841524561 10.90297222304971 204 135 104 1.5126770701406451 54 57 56 54 58 57 60 71 61 35 55 78 53 60
329 8.7834600003859613 -7.4184688119144413 13.993868276670621 107 60 54 1.2272066895734093 35 133 39 120 38 91 37 122 40 110 34 78 31 40 43 101 32 70 30 101
1126 -4.3884721810535172 5.3240862284337336 3.6822150000390197 0 0 0 1.2722196397680976 55 53 56 66 58 60 59 50 60 58 53 71
331 -11.031078249462956 10.036278672206956 7.0363091060396066 223 208 149 2.4514492888523534 36 127 38 118 40 114 34 154 31 145 32 126
1128 -1.8720470273660914 2.6913714850716959 3.5519532904991178 136 138 135 1.8075694336196497 56 65 61 56
1131 -5.2288875231167742 -0.69789284831995446 5.4763778505538276 126 100 85 0.80807516142767577 59 100 61 70
334 -7.4890002969665366 3.2604697959956401 8.8956769087817573 47 30 19 1.1510474735948475 35 146 41 47 38 141 40 136
335 -12.267611462441737 -0.64068810207932936 8.4245205239879528 215 139 120 0.89184232379843309 41 124 38 159 40 150 42 161 43 141 46 59 44 62 47 59
1132 -1.7617181603584693 1.5943864836052652 5.9063152246162991 157 128 110 0.80000564199564339 60 139 61 72
336 -6.4130408745589067 8.9225673111192894 8.4843240486835203 139 102 94 0.89654272631641641 39 182 38 168 37 129 40 168
1133 -1.3647933296697812 2.2250674984870931 3.5061380152515742 1 2 0 0.65175288098186779 59 89 61 77
339 -5.0731530199096415 4.7915186049094558 6.4833478688769386 138 93 80 1.1833964987760948 35 242 38 188 37 225 40 178 42 109 41 250
1136 -3.4657629125054581 2.4855226131864714 7.7788849690307069 114 84 73 1.9291196462309212 60 47 61 59 58 72
345 4.1599384542384801 4.0068446638617692 8.4238941828946263 95 55 55 1.3058080541589239 41 107 38 227 40 45 42 114 46 39 32 39
1142 -1.6577939542745683 2.4472242323995137 10.199695721907371 197 144 136 3.2909812670354466 55 83 61 107
348 -14.494267338877206 -1.9263420799881867 9.8137014403014877 197 113 92 1.7272950199562769 39 217 38 238 37 161 38 291 40 181 44 205 47 82
1145 -9.772013831800356 9.013687753763616 3.2937548367216163 0 0 0 0.42128910910294676 29 93 48 98
349 -1.271172578651546 7.7045343650391116 4.9831386495597041 170 149 224 0.26267528083753566 39 246 38 246 37 203
1146 -9.9007204477060142 9.7329251060573707 4.2360431404925691 0 0 0 2.2620938368172516 29 96 48 130
352 1.7704772641341571 5.4999915129697552 7.9722667041206794 110 93 109 1.6082927716793214 35 180 38 262 34 214 47 121 48 31 50 40 49 61 52 38 51 32
358 -0.75591575433471525 2.7303327818905054 8.5425234910156576 147 95 97 0.83509736103646437 41 226 38 293 42 201
363 -12.528532661097282 0.87517514140387298 7.4903209871984044 179 136 104 1.7422683777210144 41 245 38 307 37 264 38 155 40 190 40 259 34 236 42 164 42 210
364 -4.3830643303877395 5.67096425821466 7.7634872914698834 165 117 113 2.3760137061406224 35 186 39 134 36 95 41 78 35 91 39 93 38 260 37 133 37 137 40 86 34 119 34 120 38 128
365 -10.384010680510533 1.199361940953668 11.266103322681946 77 39 30 1.8135698356154648 36 78 35 72 38 111 39 322 41 167 37 80 40 69 31 84 46 68 44 65 47 79 50 66 51 46 52 49 53 59 54 45 49 53
373 -4.0806065536739533 6.1983691071234386 7.3958710009320301 161 117 115 0.85715100795935162 35 35 37 48 40 41 41 100 34 39 42 79 43 55
376 -6.2030679878121493 0.4690169991167219 7.4438079222141296 176 101 88 1.3080862317715789 35 73 37 84 34 104 42 65 43 137
379 -10.045097305419695 -0.92578107545797039 4.9771092205330687 232 158 141 0.56140086437886294 38 195 39 130 37 119
382 -3.0836215050449054 3.3607081097436353 8.6259007263920076 145 105 105 0.54499785670088707 35 195 37 184 40 233
388 -5.1610974881845912 4.2721522057541135 5.8009110093250396 134 88 62 0.71545300443862758 36 138 39 271 37 227 40 180
390 10.015560968305664 -5.0376073656091904 12.726094099142598 64 34 32 1.8547180864114421 35 152 39 289 37 238 34 110 31 176 43 140 40 255
396 -13.506715081358326 -0.42497275899850045 7.7724159939910464 192 140 125 1.6593043553997235 36 193 35 269 37 194 35 244 39 219 40 263 41 170 42 162
397 0.043808705555245263 5.0677131051959909 6.4913592252034382 119 103 165 1.1564243700519217 35 177 39 267 37 135 36 135 38 183 34 118 31 94
413 -3.3952915784657964 4.449473205327525 5.876385926986015 146 100 97 0.92129244560254142 38 89 40 156 39 98
432 -13.478536388249937 1.8571899879521856 8.3145245623836601 196 152 120 2.2254301850667253 36 280 37 265 40 192 41 239 38 301 37 210 39 314 41 235 38 299 37 183 36 203 34 209 42 156 31 170 43 151
455 8.0202449944812617 -8.1034963622276521 13.79478199538187 116 72 66 1.6004169934835866 38 100 34 159 31 129 35 289 32 71
470 -0.96245720967212067 6.2059142428774923 8.0179483638439759 164 139 204 1.6573001473687516 41 54 42 52
471 -13.026207814549402 12.026336491088658 8.1331929478816125 240 239 198 1.3196595492670471 41 70 40 79 31 62 34 109 32 44
481 -12.08912585479087 -0.18051359648874682 8.9580342520381304 187 118 103 0.46190315901533213 40 261 42 212 41 224
483 -11.552377495701418 0.58064407750173075 10.144173982475474 89 48 40 2.1643422657180627 40 189 41 168 42 159 36 117 35 124 39 115 34 105
486 -2.1660399641094275 5.7788019080105144 8.2186907847614759 152 114 129 1.3346643969505525 41 55 42 53 43 60 44 79 46 71
487 0.018856277939144947 6.6345199228368568 6.1636176141604535 127 123 171 1.0150759145358368 41 50 42 77
491 -3.0015089656528873 3.3837195164280631 6.6432468153053108 144 99 98 1.6627043831690977 41 146 42 189 43 219 44 136 46 76 47 69 32 161
492 2.5882972652457634 3.2458599645162298 14.906410605109333 158 108 107 1.479908697999246 41 229 42 206 43 210
497 -1.3356389414397496 9.8323946415035799 10.54467232246501 249 251 248 1.4924366731440706 41 7 42 7 43 7 30 15
501 -9.2996129255954969 7.5246709863777825 3.1854709992953341 0 1 0 1.4068520514104446 41 71 42 75 43 75 46 63 44 73
503 0.15831927335443644 8.1210552739913382 6.3184231060942668 104 105 152 1.2240080867441621 36 232 31 116
505 1.9894156915878209 2.4612927944346557 1.1274063709514974 0 0 0 0.27370203190547937 39 198 41 139
509 -0.19470554842497736 4.4037112808866787 8.3704841640903993 134 97 106 2.220718615527062 40 210 34 218 38 272 31 161 36 255 35 187 39 205 38 233 40 129
512 -3.747676611024803 8.3231903806783762 8.8533363773749425 121 97 111 1.6360937838675731 41 4 42 6 43 6 46 19 44 5
516 -4.1391837365537194 4.2127505005187258 6.8467114850196085 137 95 91 1.3070464983899601 34 42 43 31 46 18 44 21 32 37
517 -1.473679227165444 9.1316701763845796 8.3412278338440977 191 166 208 2.0945651958003766 43 47 40 165 38 251 39 257 44 125 46 164 43 104
518 -14.408596164101644 11.039812642735427 7.0527850972308075 0 1 0 2.4203828622017225 31 65 40 78 32 56 30 51 29 41
523 -9.6881321246808163 7.7395941469035128 4.5409892994283227 243 242 227 1.5193757201523586 42 173 43 183 48 132
529 0.25118210572764549 9.3406291770548897 9.2617339854834277 126 113 218 0.98439385148318692 42 24 43 27
530 -5.3625761507719876 4.238857624302721 8.182353576367305 101 73 53 1.9175255873204564 42 144 43 119 46 50 44 85 47 40 48 25 49 35 50 25 52 25 51 21 53 20
531 2.767449892226352 3.3686072731669263 9.8277003663816647 97 63 67 1.4078082668479408 42 123 43 125 41 200 40 202 44 88 46 114 53 152
533 -7.653671305257709 3.6873055682769245 9.7313448460122576 59 37 23 1.8630127996663994 42 71 43 164 44 176 46 184 50 201 49 178
540 4.0231587903576989 0.8868162447381428 10.990100884327708 105 45 45 0.81232957063919464 42 15 43 18 44 10 46 7
542 -10.811955181187351 8.9891562447827074 6.1185637942039897 247 251 234 1.157050733949019 41 8 43 10 44 14 46 11 47 7
549 -2.0486572088159862 6.8266854499692027 6.5378696805980292 129 106 114 0.39079968066632853 43 49 44 102
551 -4.9281208639420306 3.6952454555537058 9.7619343332540875 113 94 87 0.5345103229318221 43 68 44 138 42 120
558 -13.965382161003721 3.8405305049361398 8.8397995301057044 248 191 127 1.557975558586294 41 3 42 3 43 3 36 5 35 8 39 10 38 7 37 7 40 5 34 7 44 6 46 4 31 5 30 4
559 -2.3993407134944809 1.6813414728143294 9.2096978942612555 123 68 62 1.6129602799213019 36 163 35 210 43 153 44 93 36 76 41 48 35 118 39 113 38 109 37 78 40 68 34 101 42 67 31 82 46 57 47 57
560 -10.327493750479363 9.9893022474117927 6.4496245867811348 251 244 184 0.40027618027873979 43 145 44 123 46 134
561 12.172222617875564 -6.5032459762835177 16.173571144118181 10 1 0 0.29671674595916958 40 213 44 206
562 8.1450270161750122 -6.0565465924729667 13.97006620127295 56 30 26 1.5421775134074971 37 5 40 2 41 1 39 8 44 16 38 5 42 4 43 2
563 -9.6476370355105416 4.0700720959552976 8.19042800691523 224 165 109 0.97224792406177796 42 1 44 3 46 3 47 3 50 4 52 2
568 -9.6520346356540418 8.624148525624717 7.6882030096581451 248 207 127 0.74016729438000306 37 12 46 20 39 7 47 11
571 2.7390616069565543 4.2190106371781768 8.6207711005655128 142 122 126 1.7495738413715212 43 42 44 36 46 38 47 28 48 27 50 42 49 31 52 36 51 37 53 18 54 19 55 21 56 16
572 -4.6087080974581394 5.7195455293683715 6.7641125482288587 192 145 134 1.5921116803739259 36 69 44 53 46 47
970 -0.91191175830038507 3.8473430824171206 5.819249110748788 168 151 184 1.2700555538169607 54 48 56 47 55 51 58 48 60 52
573 -5.6335297122307022 -0.5321999962793722 11.643417059612251 209 111 93 1.076919837558459 37 167 39 169 44 63 36 164 46 60 47 30
972 -2.1690318195624081 2.9186389189599993 5.3800741161401726 166 118 108 1.1791661053356035 51 51 53 38 54 36 56 52 55 42 58 50 60 38
575 -11.893226123105411 9.6705136932834392 5.4085114253516569 0 1 0 0.99401232914852244 43 76 44 75 46 62 47 61 30 56 29 42
579 -0.26285623150767684 4.8351021963693057 8.9143127155630992 158 114 115 1.4598603135181152 44 169 46 75 47 131
582 -4.5215450178748462 2.1429840142998011 8.6718110720399597 114 74 66 1.5339515318536439 31 111 46 123 35 281 50 148 49 142
585 2.2918866617428333 4.0389150551399418 7.1115141982350067 71 55 66 0.026975672171550259 43 191 46 139
586 11.684372319618094 -11.34453054198916 20.594381741469025 111 71 64 0.54288496962192501 41 127 46 143 47 140
590 -10.886652529472796 10.519715658487819 5.5791239748180947 8 10 10 1.4078474592340386 42 133 44 156 46 161 47 88 46 90 30 103
994 -0.93091307816194069 4.2827548622579013 6.6566277184558666 164 147 183 2.0593464191984605 50 116 52 79 56 49 52 111 54 50 55 39 60 20
597 2.3489508288413958 2.3738673092087028 9.4336105612595151 100 60 58 1.7179954818743244 44 189 46 192 47 76 49 37 50 34 52 30 51 27 59 23
601 0.52587778741815638 3.8425258633539152 7.4110870758530085 139 106 112 1.499415567788845 36 256 41 201 35 257 46 151 43 194 44 168
603 -3.4191437078400071 3.1815341650353983 8.8958582644491031 118 96 87 1.3881872507834061 44 174 46 183 47 175 48 154 52 233 51 148 53 135 54 128 55 112
1001 -7.1755578146430716 -1.5032525371977061 6.6713124432300086 173 112 109 2.409203466994644 51 219 56 158 59 101
604 -4.551831970013815 3.0395566748537157 9.1520566636445579 65 43 36 1.4070951853038787 44 148 46 186 47 137 50 203
608 0.94714074792781389 2.5880574538901517 7.9207270959829454 136 96 99 1.050455397663425 36 109 34 137 31 132 44 69 41 186 43 129 47 130
611 -0.022276109512411862 11.924245589223089 17.118649734826352 125 110 168 2.9554954315137074 41 14 47 12
614 3.2777102741100732 4.1861178175454681 8.6497304845075238 42 18 24 0.80117239805298224 43 43 46 32 47 29
615 15.101163534905396 -11.637797011183075 23.359438384364598 102 58 53 0.1344296459704627 36 188 47 89
617 1.1098728900044792 5.0991685833112959 7.7716798116235024 0 0 0 0.63892270295486719 41 104 42 108
618 -13.773653702713455 11.20820245019684 7.7328013197734382 13 15 6 1.7516632684753795 40 217 41 177 31 146 32 116
619 -8.3982914559673034 2.4670879034060484 9.503513120674592 80 43 37 1.1954386672969011 43 155 47 194
620 -2.331073062257818 2.1913715045162445 9.5459606691731143 129 84 78 2.174670660575607 36 173 35 159 37 254 40 155 34 230 42 153 31 173 43 180 44 116 46 199 47 111 36 276 41 119 35 279 39 231 38 206 42 150 43 135 44 193 46 104 48 95 50 147 51 122 58 76 56 55 55 77 60 54 54 85
621 -3.5840118513601418 3.5420609755907435 8.1838258358006772 118 85 76 0.20286316930472365 46 81 47 54
622 -6.2585143366928273 4.636768904617405 8.1313022778257054 165 113 73 1.3145389536703878 46 77 47 68 50 89 49 76 52 63 58 167
623 -6.2846147405756909 5.2169890513114874 8.4236768976464766 184 138 114 0.8658664390527836 46 149 47 99 44 82
624 -6.015187273670664 4.2292953372986837 10.50797075246809 120 101 95 1.1229882737591592 46 132 47 103 50 139 52 135
625 -7.0620796834561013 2.2897037879739139 9.5557138843626621 41 3 1 2.5040828326337503 46 124 47 148 48 46 49 51 50 100 47 112 51 124 53 114 43 154 42 147 44 144 53 90
626 0.57564100709925192 6.0942911239740596 7.0719552028607211 98 94 189 1.3577998267413249 47 154 48 99 46 95 49 112
628 -4.1211570769867381 4.2241053563990585 7.4375326026343407 146 106 107 1.1617382560569316 46 40 47 38 48 33
232 -16.833331833370785 12.585179157863697 9.2256666543640105 144 146 146 0.92780944046566105 36 83 35 81 34 72
629 -6.8577020532647754 -3.4351160457766117 4.1909098866444587 250 190 162 1.570116000390382 31 18 32 23
233 -5.9204378932829602 6.2701310841378026 6.8046254291150285 120 84 68 1.0452496123965287 36 91 35 85 39 81 38 179 37 97
630 -6.7942075169234259 -1.0824874321648827 5.1702244034873805 198 102 85 0.23425440517160442 31 17 32 25
234 -16.574159247929167 6.4857839082982416 9.7880758498193554 167 116 59 0.51272226927506481 36 97 35 97 39 97
631 0.84082785427735884 -2.675568327824688 8.0636320725735171 252 163 145 1.5169873294123475 31 57 34 34 32 53 30 37
1033 6.3990880356551694 -6.4090106958669475 11.677869895346921 0 2 0 0.7168099702330839 51 71 52 73 53 68 56 64 58 58
236 -6.5529342626007452 5.6930216941523346 7.8382587081342958 145 101 68 0.6124999177215561 36 136 35 136 39 92 38 129 37 136
633 -10.619666858760844 0.63624393702644666 5.9347594361102907 198 155 130 0.42460198825647605 31 85 34 77 32 55
237 -5.2653861901917409 4.6179379565553731 6.8481381721185937 192 148 128 1.1930874398215914 36 155 35 137 39 197 38 191 37 177 40 194 42 56 41 57 43 39
634 -13.688891085469297 -0.38073313678940507 8.3126795408160117 0 0 0 1.6622718958305995 31 58 41 61
635 15.041716068351924 -12.286229193478086 23.89849071200824 0 0 0 0.75826649574905003 36 269 44 186 46 196 47 177
1036 2.7250150836789153 3.1114331543642177 9.1119664872592523 81 51 51 1.3654103655736864 55 63 56 70 58 66 60 40
239 -7.8932195033016326 4.2328736672367029 9.2330864482448156 146 99 59 1.6040824953473429 36 186 35 164 39 142 38 96 37 146 40 92 42 117 43 86 44 87 46 82 47 71 48 92 49 102
636 -13.493038284787648 10.324910548118369 7.2247932786847242 0 1 5 1.6674012084916736 31 117 40 164 32 92
1037 -10.617336016241744 -1.6502026794541411 7.2262302559060156 114 94 92 1.6703581449602594 51 214 52 254 58 84
240 -13.966228390802527 9.9709370127028976 7.2705706700562542 1 1 3 1.1304742373395704 36 168 35 167 39 176 38 166 37 212 34 157
637 0.70451354368285923 3.5034855337594899 2.3205119442585915 136 116 189 0.13361199250941982 34 158 32 137
1040 1.9290869354190114 3.9926134574786154 9.5361507548473465 180 159 160 0.82369497494926702 49 103 50 124 52 80 58 114 51 56
243 -12.738351635676787 1.9354954729596514 9.30340007788074 166 122 100 0.97119342625177529 36 201 35 212 38 203 37 199 34 165 42 155
640 7.945149006925539 2.2110796529311254 11.052557410814218 130 79 75 0.37417657687708439 31 3 30 2 32 3
244 -11.369492820577952 1.7556881173416323 7.2502550138207402 167 119 90 1.9352297962838709 36 286 35 217 40 253 39 316 34 139
641 3.3217996712046323 3.4448227026575724 9.6449118725203729 62 33 36 2.8576634650629282 37 27 30 8
1043 -2.3990043662723028 1.2255828279420711 10.561012058934907 212 133 119 0.89110186527274027 54 107 55 99 56 104 58 126 53 115
246 -19.362562227636978 3.0198916608997894 12.428167638620192 200 166 131 0.77684110189210842 36 154 35 219 39 153 34 138 41 66 31 108 32 81
643 -8.1836282815733377 9.9105587682546048 6.209323396354665 101 68 51 1.5905186839021104 46 22 30 16
1044 0.069917691650346989 4.1231822947005021 10.729848815038579 148 104 102 0.74926404021574056 52 131 58 161 51 111
247 -10.854600004961357 1.4405878207276823 8.8942361587020784 111 68 50 1.1863002145060768 36 196 35 223 39 225 38 154 41 121 37 163 40 149 34 237 42 129 31 109 43 150 44 118 43 149 46 145 48 164 50 150 52 178 51 154 29 48
644 -0.38910084095752107 7.0263516802424215 10.819184236439458 124 103 185 0.10774095217156843 38 37 30 20
248 -16.337501918536461 2.244512159078027 11.908746627986131 229 183 149 0.90915864416330516 36 200 35 285 38 204
645 -10.49468739082303 7.5260626602254508 4.9489965496171839 0 0 0 0.74142008007135862 32 47 42 32
249 0.96789796290775554 -4.0348115706140941 11.415615968490012 245 149 129 1.4094033096781438 36 102 35 78 39 76 38 102 37 82 40 72 34 67
646 -0.14640422609813819 10.369022792184198 8.5455426300689137 152 139 211 0.31284547744035035 34 155 30 73
1047 -0.86651969934471418 3.5550742498319154 5.9838206663244593 152 135 210 1.6563399288192997 48 77 50 30 51 24 58 35 54 112 56 48 53 28 59 60
250 1.9300391438666069 -3.6933909152451245 11.576985624182242 245 156 141 2.4968730988204477 36 79 35 101 39 75 37 83 38 130 40 152
647 -1.3617330277576114 10.442921914799596 9.4076289177296459 139 128 196 0.052299363713604705 37 128 30 74
648 4.7947528346576247 3.4689062916740983 11.247420222888401 115 76 74 2.399943438859391 39 309 30 84
252 1.5363751930311917 3.6380395951757101 8.6660920003461381 123 100 108 1.0892544082280302 35 7 36 8 39 5 38 3 37 4 34 6 31 6 46 0
649 0.88205015396185882 2.5010619525777651 8.8054251416802014 161 122 117 0.11285061832854663 32 50 30 85
650 -12.675997077822847 4.5183264286831388 17.905024266295548 35 12 5 0.77762178406535776 30 87 29 127
254 -3.7495235043909028 10.116318725281747 10.958235876019288 110 84 94 1.1130931057073461 39 14 38 12 37 13 40 6
651 -12.453471677773486 10.587259565287553 7.0409127894428831 0 0 0 1.5066906538006446 34 199 37 201 39 173 31 66 32 57
255 0.82680074294965655 4.4652815412605369 7.6227262890415135 141 115 123 1.0181772123729422 41 27 39 25 38 25 43 30 44 28 46 27 47 22
652 4.5382480348405547 8.0107257749628076 10.01326914393978 40 21 15 1.0854679037274724 35 234 30 107 34 208 29 28
256 -8.3841204081623104 0.56815533323740608 10.080862986083622 184 105 88 2.0174070595022662 35 49 41 46 39 47 37 45 40 50 44 94 46 86 47 45 30 47 48 24 49 75 50 102 52 71 51 65 53 58 54 87 55 37
653 16.632999714362683 -11.526633637417884 24.783967272089498 0 0 0 1.2056902829785823 36 189 44 72 46 61 47 83
257 -11.021126360217506 3.202352551517861 8.51375424470816 180 122 77 1.488635996756045 41 67 39 50 38 53 37 54 40 47 34 59 35 90 42 73 44 50 46 56 30 59 29 75
654 3.5922642565646741 3.9391131136649871 9.5994103207902128 83 53 55 1.5172568840254006 32 100 30 128
655 -5.0990596806169881 3.9097762710627539 9.1267758311273237 119 101 95 2.3711225883591385 36 104 41 83 35 106 38 97 37 109 40 93 34 89 31 101 32 87 30 58 42 35 43 26 46 25 47 21 48 17 50 23 49 25 52 24
260 -11.631969495229255 9.1246607510421534 7.7575084816191975 209 167 92 1.4602285192815618 35 52 41 51 39 77 38 59 37 51 40 53 34 37 31 31 32 29 32 76
657 -2.6730115931783298 3.298685402276595 7.1445287834276812 192 142 141 1.0898875778887669 47 53 49 68 52 56 51 85 53 66 54 78 56 72 55 68
261 -14.374002352585901 10.053713459610753 7.4180034755839142 0 1 1 1.2767104781232959 35 82 36 84 39 82 38 80 37 88 34 71
658 -2.5550605769253383 3.2402882154506827 7.7809164438470964 207 148 152 0.75409740873459852 46 80 48 38 43 88 30 44 29 35
1059 -2.8622814904822445 3.680019498628639 6.6462708840044131 189 142 144 1.751128011372997 52 120 58 32 60 27
262 -4.9078666279446796 5.9921036873412685 6.546953993167631 138 96 84 0.67727585467426832 41 74 39 86 37 98 40 80
659 0.74737487557582105 6.4409007412079777 6.8792463335895944 90 83 168 0.7967231074136325 46 93 48 74
660 -1.1191892457054764 11.415901163894681 11.107405898002876 0 0 0 2.1088270609410116 46 136 47 119 44 149
264 -10.209005577830375 3.1994626552297372 8.8290641770600917 171 119 80 0.74451107171840458 41 150 39 108 40 139 42 125
661 -3.6753028379290589 2.9722324376206899 8.62731036267901 122 104 97 1.2991793380296142 47 179 48 120 49 225 50 265 52 213 51 175 53 173 56 154
662 -14.904289203991022 2.167895074644 20.684245620635661 219 125 100 2.3807329216747442 47 6 48 4 29 14
664 8.9773480314101946 6.7745904658313272 13.007436516672115 71 41 39 1.3311828286556759 35 100 36 70 34 80 42 102 31 97 32 147 43 117 44 165 46 109
1064 4.335735789485649 -4.3097237198800746 9.0472958233353715 1 1 1 0.794861958765129 49 79 55 57 60 61
667 3.2537770306316318 4.183788999455909 8.0336737284667645 34 23 21 0.60551724860888356 48 6 50 6
1068 -2.6758998057970693 2.486239494823328 7.5136024856765635 179 153 141 1.3187995846731637 56 79 58 100 60 25 55 101 59 21 54 82 61 34
271 -5.5066848361340863 3.409083692993454 10.786801811596417 77 62 57 1.5202692626584262 35 151 36 268 39 149 38 211 37 152 37 245 40 198 34 136
668 -7.5039747127349976 3.0977831016639223 10.071799393154643 59 41 31 1.373596229227684 46 2 47 2 50 7 49 6 52 5 51 5 53 5 54 4 61 2
669 2.6951672722109663 4.5369112741075641 7.8355775496218794 30 18 28 1.1469015976010455 50 13 49 14 52 13 56 17 58 23 60 21 48 21
274 -12.337650519280897 0.034052502269070015 7.1834579155340004 169 116 97 1.3408553149335467 41 169 39 172 38 158 40 185 35 283
671 -2.2298822109122276 1.1032231383664193 8.3961058029105118 190 103 95 0.70338199069422558 48 29 50 16 49 23
679 -1.5260802414274952 3.9258614581245883 10.391061025405742 202 151 150 1.7897657035785204 48 30 50 47 49 46 52 44 51 63 53 82 54 46 56 58 55 65
685 -4.6906728320015736 5.201758211242856 8.4889223402622491 152 101 108 1.8383362228390303 48 85 50 126 52 122 52 123 51 107 54 94 51 83
1086 -0.63203466616796056 3.159538686782414 9.8912119202538644 141 109 107 2.0081694722769612 58 14 60 12 59 16
289 0.062946402671028384 1.6784951470562699 9.1713952403967109 133 77 75 1.4721691000006427 34 9 35 5 31 9 43 1 44 2 46 1 32 6 30 6 48 1 50 1 49 1 29 4
1083 -4.4303377477045949 6.0760774791421968 5.3165613691188511 97 84 68 2.205273474369549 55 3 56 4 58 4 60 4 59 4
686 -0.76181252532830868 3.3346708907171045 9.7445169529497804 169 134 128 1.6078516340179856 48 113 50 133 49 217 52 162 51 113 53 160 60 49 55 47 56 39 58 52
290 0.57853919436817103 5.5961209869366222 7.7872120968009 102 89 142 0.83494152545296851 36 34 39 26 38 35 37 29
687 0.54375137461566325 3.0631442953726755 9.7642213723616376 179 136 129 1.7048113003153804 48 91 50 134 49 133 52 43 51 62 53 103 54 79 56 93 55 90 58 26 58 166 60 18 60 102 59 22 61 15
691 -10.287062277379949 2.468852237369521 9.5559789847064582 159 102 73 0.10630598712257226 47 197 50 196 49 239
1089 -1.3620835503137549 3.1672653244886706 7.1298157879442785 196 149 146 1.3064653498348404 56 60 58 67 59 47 60 50
692 -0.94464059753173524 0.72874830343580865 4.6466339958288998 67 37 29 0.33440565785226889 48 112 50 200
698 -0.032005505401711667 2.8863176655009521 9.9961612947565968 164 119 114 0.2910078755391447 48 157 50 256 52 229
1101 -3.8633654145749032 4.0111226442324801 8.9051545087050048 90 76 63 1.1993449202320345 60 141 59 78 61 111
304 -0.20917530866950107 7.6719910080284395 5.2911742605688161 98 88 184 1.60234180344183 35 227 39 175 38 163 37 206 34 153
1098 -3.8968397890314965 4.0314507209986212 3.6864802700807209 117 110 99 0.054957728473688752 53 149 59 90
701 -7.5824591017302154 2.2207960101626876 9.0770347422615032 102 48 32 1.130899760868648 46 197 50 275
1103 0.8162325086785619 3.794781994740263 8.7248152322501316 0 0 0 1.8080360896238714 30 5 32 2
306 -0.71041200079740197 5.2826759971344996 7.5697190315526184 179 163 226 0.70818676768137168 36 174 39 192 38 161 37 175 31 95
1100 -4.9131512746152435 3.2812135283573056 9.2337598908504219 122 85 73 1.5725431772285665 56 0 60 0 59 0 51 0 53 0 54 0 55 0 58 0 52 1 61 0
703 3.1205473403098369 -2.0308708972711575 9.1747713562738298 68 43 38 1.8046939227300276 48 135 50 186 49 170 52 104 51 69 55 96 54 109 58 189 60 111 60 112 53 117 59 57 61 90
309 -1.4895405720648451 9.0106769091388088 7.3504411390740643 220 198 223 2.0645394689995684 36 231 39 254 37 209 34 156 31 122 29 79
1106 -13.688147697427882 11.208555545934781 7.5764501782286988 138 142 145 0.2580607579077917 30 52 29 40
1109 -1.2425636720854725 8.1268687605462908 9.9641443442940663 206 187 221 0.14806191411693531 48 133 29 68
312 -4.7660788511439351 3.1102754889102351 11.159698467828266 57 30 23 1.1802837206202859 36 275 39 308 38 295 40 245
709 -2.7432758485922415 3.4734226270355952 6.0287488832429332 182 134 132 1.5544409190392976 48 9 49 10
313 4.4234329624319413 1.6214496908335778 11.128668425249227 75 24 23 0.68192106030559663 35 290 36 282 39 321 37 261
710 -1.3217734566443828 2.3889914652335342 8.8648221916196164 201 149 140 2.0958307395208338 46 30 47 33 50 33 44 31 52 46 53 47 51 25 54 23 56 20 55 25 58 25 60 24 49 38
1111 -3.0672100281260017 1.4229659552009177 6.7469000541814657 0 0 0 0.66173948023045859 30 71 32 69
314 -0.81228132240734208 2.9220205961378229 5.6541263380350451 164 111 117 1.1618143062968886 36 261 39 329 38 222 37 237 40 212
711 -1.31083797001215 4.6767254599286927 6.1603820272376151 176 148 199 0.67369339569898767 48 40 49 43
315 -0.74271930428912869 7.045365438156546 6.6061465636729428 171 164 182 0.072581020672679811 36 236 39 330 34 204
712 -0.64806840150785172 6.4717263812240757 8.1297105493417714 168 161 238 2.0554931966441816 50 41 54 30 60 30
713 -0.94728605044811753 5.7097231264888091 9.7202002143048709 208 158 167 1.0467182123216765 48 32 50 43 49 64 52 55 51 54 53 56 54 68 56 40 55 43 58 39 60 33
714 -3.2539626244759892 3.3405138559927012 6.2740330767403467 180 133 127 1.2413732465269218 50 80 49 66 52 81 51 76 53 74 54 75
1118 -8.7984018683074794 -5.9907369355467504 28.519583295335487 238 182 152 0.47878144521603916 30 65 29 33
321 -5.6681766640011126 9.524158977017537 7.6700346616866391 124 82 75 1.815183557514837 36 28 39 31 38 29 37 34 40 29 44 15 46 21 47 10
1115 -1.5348353652442759 1.9602322311092462 8.4518169785890844 149 101 94 2.1987101295508751 36 202 39 52 38 56 41 25 37 55 40 48 42 27 31 38 43 36 44 143 46 150 47 116 48 23 29 47 30 62 32 80
521 -8.1373170937808226 2.6289772837870391 9.3069715336522112 30 9 4 0.612615474435251 39 152 43 157
918 -2.2281999337518537 1.9496683216793489 4.8724287281065202 167 112 61 1.1423152358324151 51 22 53 27 54 25 56 22 55 24 58 27 60 26 59 29
324 0.15179229586775239 8.3181289042331059 8.7125827576938146 105 99 169 1.6273000168082268 35 53 39 40 38 40 37 41 34 24 31 43 32 35 30 53
721 -2.0515522866682647 3.2522410222456273 7.0082756136693281 191 136 141 1.1191614302582651 50 57 49 89 52 61 51 59 54 76 55 67
325 -5.9175346281069237 5.6284306469313163 6.7415935738848747 136 94 69 0.94664703200590461 39 65 38 65 37 68 40 177
722 -4.582870113036865 4.6398692052056116 8.2810756205353471 187 141 140 1.4235166765159435 50 85 49 94 52 106 51 60 53 65 56 88 55 70 61 52
1119 3.9139152330984426 8.8432664899669522 18.358966399880575 88 55 48 1.2779773740988276 30 114 29 88
922 0.57612016153081991 2.8601733944391303 10.466942346638513 159 112 106 1.24437994876229 50 62 51 93 52 66 53 84 54 101 56 99 55 75 58 71 60 65 59 44
725 -3.2865009612462415 3.3628352171696743 8.7477614328790061 49 32 22 1.1211115423976201 48 110 50 210 49 135 52 167 51 146 53 129 54 103 56 78 55 74 60 66 61 50 59 43
1124 -4.4444409582227387 3.3732006223166273 9.5542369272497769 113 78 68 1.2409250967922576 59 42 60 67 61 40
1127 -2.8315997161729198 3.8237263158067609 3.4199297175704482 0 0 0 0.92090696439052344 59 51 60 60 58 59
730 2.9180905869210023 4.6854094172899616 8.4198545177307746 86 71 78 1.1599074167308696 50 161 49 160 52 112 51 171 53 92 54 93 55 82 58 139
929 -2.2065869495880279 2.3103687600745659 5.0541636785556374 229 185 161 0.72164397480691811 51 23 53 21 54 18 56 23 55 20 60 28
1129 -1.1553438312966384 1.9886940630788765 3.2596221483936154 1 2 1 0.28400426200530959 59 52 61 57
732 -0.37601853689780568 2.9386253175758181 7.5999022106581506 196 149 159 0.4084503586069162 50 83 49 172 52 87
1130 -1.8588855819211538 1.8096564297566649 3.593360410385642 120 107 92 1.8132632169644676 59 61 61 64
733 -17.672058124382936 -0.91493300458024773 11.84424617277644 186 119 96 1.4357529495124344 47 201 50 277 49 173 46 208
337 -4.1478868029087064 7.0868939580264234 7.9581508297283001 112 78 84 1.6230326204325844 39 188 38 176 37 173 40 172 42 179
734 -2.9748523984097512 2.1137852815204554 8.5960268920891494 158 105 97 0.36688499490846987 50 144 49 177 52 177
341 -12.959543108159941 -1.3139880315632138 8.2924302090202087 255 192 167 0.49966375650304001 41 173 38 196 40 182
1135 3.0547836522865772 -2.0293592663403786 8.9705961965454151 79 49 46 1.5499129350204122 56 121 61 109
738 -0.20304141805296341 3.9947922381717986 10.841187168296962 166 128 125 0.58576270613219328 48 111 50 248 49 211 52 218 51 186 54 146 56 162
1144 -8.25307913147061 9.0540982567072827 5.8946874144711394 0 0 0 0.43407222873900031 29 19 48 11
1147 2.2160199014671109 3.1564283284190444 9.054719039443766 136 103 104 1.4999637725837558 36 149 41 65 35 149 39 71 38 105 40 138 36 217 35 198 37 75 34 135 42 94 44 71 46 53 51 78 50 84 52 85 56 71 54 63 55 64 58 89 60 125
750 0.94885922813798051 3.709263408494706 7.054076552835415 138 123 130 0.57946176986118292 50 68 49 117 52 52
752 1.4007223272389098 3.9355032559356933 7.3111261122552351 130 113 129 0.96141313675981976 50 233 49 159 52 219
753 -9.1416551390209566 -2.4488924882707765 7.6864560748289446 187 146 136 1.4487715393006202 50 182 49 189 52 184 51 220 56 122 56 155 55 95 54 164 58 130 60 104 61 110
951 2.707036746634881 -2.7845060948255829 7.5458110426758802 128 130 127 0.34499599158048877 50 76 54 67
357 -0.38076337087775458 3.6781402481743211 8.7033043417866551 183 129 129 0.96920346059584606 41 110 38 284 42 118
754 1.5710214021586923 4.0838701498233769 7.3837373894006797 111 93 107 0.87825753191203348 50 232 49 196 52 193
361 -14.301320311130326 -1.6028879788425716 10.145197797294149 241 163 141 1.3521324702465878 39 261 38 300 40 265 42 158
758 -12.476293658521914 -2.2781899034894781 9.0655838615333622 249 189 164 1.6631220626948977 50 14 49 22 52 14 51 18 56 11 55 17 58 13 60 6
366 3.438499030036068 4.6269172380887946 10.097185480801883 50 30 35 1.5713749780339281 36 139 39 103 35 139 38 94 36 45 41 24 37 234 40 64 34 43 35 39 31 36 42 60
763 -4.6899503913504068 0.51092351826631821 8.5061990539642007 236 142 117 1.0455477026156175 49 5 50 3 52 4
961 3.394801501104566 -3.2730399343950443 8.2891037685886779 1 1 1 0.62183193132872872 51 73 54 71 52 75
764 -9.3942755019545281 -1.9901247808330012 10.364054541860803 244 145 122 1.2467927496874398 49 7 52 8
768 -11.109831369779714 -1.6746435717445676 9.5155965007472716 214 130 110 1.0460270172908941 49 40 52 32
378 -1.216935100841213 1.5972922654427952 9.1836077943967016 144 81 73 1.1524404942902251 35 119 37 116 30 63 29 78
775 -4.9429533000977992 4.7925477165547461 9.0297260144527449 75 57 44 0.4347054928554307 49 131 50 88 52 93 51 45
591 3.0026595175200406 4.9355385547860724 8.6720729191120469 97 80 88 1.2536663022997716 44 178 46 173 41 193
788 -3.6115888500080242 4.5573321974250547 9.3415188226085775 71 36 32 0.91631759510683897 49 205 50 175 52 157 51 183 53 101 54 97 56 73 55 71
594 -0.65348802675850892 4.2304450012029875 8.9474268063356224 239 184 190 1.5078545894073745 44 132 46 180
394 0.99312549359855362 3.4242975432704448 8.6041934255060699 158 124 131 1.9373752557498471 36 48 35 42 38 54 37 37 36 222 35 268 39 107 38 140 40 35 40 133 34 46 31 54 43 121
791 -3.5399167072238793 4.0143869088159727 9.9789738308778215 73 45 38 0.68471746183474735 49 134 50 216 52 168 51 200
600 -1.7491017713889707 1.1816503311558451 9.9216854331713602 180 118 108 1.3085342286334123 41 246 31 131 46 201 36 29 41 15 35 28 39 32 38 31 37 60 40 24 34 28 42 25 31 39 43 94 42 66 44 200 32 34
797 -4.3013917219853219 5.1003631458675933 10.276292474754431 144 123 114 1.0080265781997948 49 206 50 243 52 209 53 159
616 -7.2976137621169803 3.2230585565990242 9.4262990693446067 20 7 1 0.35116177290174472 44 114 47 108 48 161
813 -5.8857441015860008 6.3703200663578929 11.417921865662356 83 63 56 0.60714694372971501 49 57 50 46 52 42 51 30 53 17
869 2.1399979077894939 2.9002936477638244 8.7908508756647787 145 118 111 1.1142417967937805 50 20 52 21 53 16 54 14 56 12 55 13 58 15 60 8
577 -0.51930301924211342 5.2945104741907221 7.5989996898983039 186 169 235 0.12740963662420432 43 80 46 69
774 -3.1502085081584665 4.454098273483015 8.7670177366183122 218 157 160 1.5019351723330689 49 93 52 88 51 87 53 78 55 69 60 83 58 157
277 4.1281201967157495 3.9853362197793385 9.3897764774177048 111 69 71 1.6612095985456641 35 104 36 119 39 212 41 109 38 220 37 148 34 126 42 103
674 -0.55277044819465759 5.5513393353098426 8.679320908228485 114 107 184 1.2397831478879198 48 12 50 21 49 16 52 22 51 10 53 8 56 9 55 12 58 11 60 10
871 -1.5996564250381393 6.5789262209135133 6.2316634783260936 141 118 146 2.2745155713341743 48 47 52 28 53 23 56 26 55 11 58 31 60 32
383 9.7438326986553232 -5.7695223667479878 13.103606002756273 73 41 40 2.0090957748526401 35 264 37 198 40 247 38 194 34 195 42 157 31 177 43 146 43 214 32 156 42 132
780 1.4712030580899889 8.9985807223075884 8.9411865708863978 103 98 172 2.0507761091318741 50 109 58 80 60 92
877 2.3442635826460156 3.0379395453415041 8.5813391271499864 163 144 149 1.0750699868803359 50 58 51 41 52 59 53 41 54 41 55 44 58 51
689 -0.620374002680113 3.1353664607383052 10.978073029380923 125 81 80 0.32823119206448909 48 125 50 137 49 180 52 134
489 -0.048634315763191674 8.111938756546186 8.6361437913722678 146 142 174 0.13351862458502514 41 97 42 136
886 1.8283657161928217 3.1075943206604424 8.7233319182830797 191 169 164 1.0787329426917913 50 81 51 77 52 83 49 91 54 53 53 75 56 62 55 45 58 45 60 41
990 2.19363669369472 2.5391507631908361 8.6441081372291322 111 82 78 0.84214623632499241 54 147 56 137 55 120 58 153
593 4.1479353705151354 6.1122175070460028 11.203187797775227 57 38 44 1.2122538405526362 44 131 46 175 43 64
393 -7.5880409310012924 2.8428138111690693 11.065177535571307 50 26 21 1.7087757857468735 36 1 35 0 37 2 41 0 39 2 40 0 34 0 42 0 31 0 43 0 32 0 30 0 29 2
790 -0.75593238008811281 3.2144004420080567 9.8357215785953702 127 87 87 0.52806581071282077 49 222 50 253 52 166 51 114 53 124
490 -6.8327939919352074 5.6672670141418617 7.3215488315199666 146 102 71 0.67215809189496467 41 132 42 138 43 176
887 -3.5554201525642477 3.8757871678360734 7.6453004673528131 175 125 126 0.016037335744947416 52 89 53 79
693 -2.4229460423452482 2.8182804289257777 9.1430609273968368 182 130 124 0.46970844182175875 48 126 50 209 49 185 52 173
890 2.7998512684665435 4.7994083334325071 8.5542656601079781 88 71 77 1.7764147907461807 49 158 51 131 52 113 53 93 50 162 54 72
1094 -1.8123778628338909 3.6417317552494266 10.235761160808643 171 132 133 1.5716091393919138 50 135 54 102 55 93 56 97 58 122 59 82
297 -5.6713125207012105 5.1819103865723397 6.7355118179460689 184 138 112 1.0805594774354723 35 92 39 95 38 88 37 102 40 121
1091 6.9550298894293698 -7.5134360412589833 12.673736602062993 0 0 0 0.13733780833466641 53 70 55 55
694 -6.4353157868979416 4.4927144746006862 9.97101468134308 142 113 105 1.6577965609048668 47 170 50 211 46 110 49 179 52 231 51 206 53 172 54 129
891 2.7256355045820642 3.2048842319283914 8.0032995362143016 94 70 75 0.89411669966531582 50 235 51 133 52 150 53 95 56 108 58 132
1104 -3.4483984544583879 7.0357315449700675 8.1128473107645487 130 109 126 2.9855872794656317 30 10 32 10 29 9
307 -1.8317119604159537 4.3888231130087787 8.6451015196339789 196 149 153 1.642918077638565 36 140 39 204 38 277 37 169 34 244
704 -7.2303255894537184 4.3736969362279927 8.6079923265559746 241 176 118 1.1607644758421833 46 9 50 19 47 13 48 8 49 12 52 19 51 17 53 15 56 15 58 19 60 17 59 20
504 -9.9425620815381901 8.0324056805025084 4.453859457275561 0 0 0 0.46953729169529801 41 179 42 170
901 -6.4892972598645962 5.1148295516255882 11.308344189879074 137 113 107 1.6219256093689247 49 221 51 203 53 170 50 255 54 153
508 -11.240249865686016 9.836845774542466 5.4780377102886231 13 15 11 1.1940639039929424 42 167 43 181 44 154 46 162 47 152
905 1.7448788953419569 3.4557559322752431 9.3109112888680645 104 73 71 1.311895696015752 51 79 52 84 53 76 49 126 50 170 51 105 54 58 58 41 60 51
728 -2.1874961023226351 1.3610862225625375 8.161781131135772 172 94 84 0.99428979702873388 50 99 49 147
639 -12.086982492555707 0.27059554440259076 7.8484904129645612 105 82 67 1.7764971887456558 36 53 35 31 39 41 35 75 38 30 37 61 34 27 34 66 42 28 31 30 43 37 44 33 46 35 47 35 32 54 38 73 40 71 41 62
836 -4.3780154790262387 4.0525201773506252 8.7592783277529094 168 148 141 1.7088651252646825 49 98 50 61 51 100 53 143 54 135 56 77 55 73 60 84 58 53
933 2.7927250625534197 -2.707969050944504 7.5344202162400622 0 2 0 0.22543692093348294 50 78 54 65
354 -3.9582247047243455 4.7432803218911053 7.7571231989450125 151 113 112 0.31841973423582975 35 184 38 269 37 178 40 203
751 -12.393535178797263 -4.3092611359187938 9.9039105122536402 225 171 161 1.5104682859502925 50 110 49 144 52 128 51 102 55 114 59 59
548 -10.51137088253596 10.439267391939724 5.8277659009903813 247 229 200 1.4990507935211626 42 74 43 74 44 96 46 91
945 -2.6022146804165951 3.0274989397949983 7.4610273503169307 29 22 19 1.1818314582673708 51 7 52 10 53 6 49 19 54 11 56 10 55 14 58 9 60 13
953 1.9287018147448087 3.563000137597149 8.7490456443154638 105 90 95 2.2842494152200832 51 135 54 74 60 97
964 2.33030248087606 0.065007191413041565 8.7846812898152162 107 48 46 2.2731565322358813 53 4 54 7 56 6 58 7 55 7 59 9 61 8
767 -2.3797479766159135 1.8616652257797575 11.236817777577764 208 131 123 1.7513340661077421 49 50 52 29 51 31 53 61 54 156 55 113 56 144 60 109 58 183 56 161 58 185
520 -10.764224846228739 2.9231555024839859 13.218510010545518 86 42 39 1.0561101967361968 36 277 46 85
917 2.9113398162365498 3.0107175903964127 9.4146833476210539 50 27 28 1.9557432224175106 51 82 53 151 50 127 52 124 49 128 41 22 35 24 42 23 43 25 44 30 46 17 47 20 55 142
975 2.6343154136535247 -2.5835467489245376 9.6162225965301875 102 65 59 1.6345013895895621 50 77 56 59 58 73 53 121 59 95 61 49 61 71 54 162 55 137
778 -5.3382510436305886 -0.63559694793771115 10.160694803737105 255 183 158 1.3527820698676274 49 87 50 104 52 103 51 97 53 116 54 89 56 87 55 79 58 104 60 73 59 56
1072 -11.535001621790952 1.4045612340444127 9.2814004982254019 162 101 80 1.6421574777444794 53 12 55 16 56 13 58 17 60 15 59 18 61 22
796 -3.8269718990461459 5.5242387336678291 7.850384616081505 243 194 197 1.1259346488033619 49 166 52 200 53 96
1093 1.4326151274131267 2.9120387467789954 10.289332484073778 138 97 90 0.71205173327652538 56 112 58 168 60 133 59 80
696 1.6918560403818879 -1.8325294418107416 8.0388406883292021 102 64 59 1.3030824990947589 50 219 49 190 52 182 52 246 51 221 54 56 48 127 53 123 53 147
893 1.5137307467693157 4.2199354908913147 10.363629133933044 139 105 106 0.70135298650352285 49 92 50 82 51 90 52 86 53 99
596 1.3096378786502489 2.3050666448229116 8.5085888346637244 111 82 75 1.240958415706521 41 230 44 188 39 315 40 249 38 311 46 190
557 -10.560510592900334 7.2000684989937609 4.7081779541285851 10 9 9 1.5455722741149012 34 203 44 213 32 133
954 0.51559516971240082 2.5843552406790642 10.880493177859533 135 80 73 1.1210398701169304 51 99 53 86 54 83 50 141 52 136 56 81 55 76 58 77 60 48
310 -1.80210838697989 6.9838602525796851 6.9407269392020403 181 169 193 0.94846766997208998 36 238 39 263 34 113 32 95
707 2.1461463678692234 0.31459134340132172 8.5989985522195838 105 45 44 1.3729268185006842 48 5 50 9 49 8 52 9 51 6
904 -1.6344535598077223 5.7275491569950523 9.4180630498461291 194 159 165 0.66348214165222652 51 55 52 57 53 73 54 70 56 68 55 59 58 65 60 80
607 2.9639077888555865 4.2047722182344209 7.4127039595215063 60 46 50 1.8293800219465217 35 185 46 74 36 181 41 144 39 140 38 136 40 127 42 141 43 82 44 81 47 94
266 -12.191504635977182 -0.4694795971486479 7.6473084193913321 175 114 90 0.43370607374151293 41 92 39 118 38 104 40 109
1060 1.932816339089017 2.1975495543000609 8.8205777352518613 97 53 50 0.76567256992222255 53 25 54 43 58 61 55 123 56 92 60 42
1117 -12.863675527593593 8.2503304203502079 6.1738394930361151 193 168 106 1.5064652971212338 29 65 36 40 39 59 37 47 40 55 44 77 42 78 43 163 46 99
923 -8.5972076303448759 12.916914352143344 5.4095990933235623 83 79 55 1.4278002858338856 51 101 53 131 56 129 55 103 58 141 60 113
870 3.0548945433739032 3.9345500444914339 8.430518829992506 37 25 27 1.0488148676555986 50 36 51 28 53 22 54 20 58 22
302 -6.4479457613712503 1.3399391980283786 10.325107082125477 152 89 74 0.45559004636712769 36 283 39 164 38 156
1099 -14.14341502133397 -3.6611111142537189 9.7572551205774314 178 132 122 1.167853142247919 50 231 59 104
702 2.4492695800176834 -1.7565332850356055 8.4202002987131213 83 48 44 0.750773935737998 48 116 50 185 49 168 52 185
699 -2.8109987640643719 2.8970108934945911 8.5140781372311061 151 122 116 1.8923585362194677 48 153 50 259 49 136 46 185 52 170 51 147 53 166 50 282 52 228 55 111 54 152 58 101
1096 -3.4198994695857743 5.4251008909153509 4.3798787651004183 113 107 85 0.57686892017329428 54 119 59 87
502 -10.166981120796226 7.7968428305662627 4.3625329358762279 0 0 0 2.7899496403579613 40 77 42 76
899 2.1826854164191114 3.4896819007642499 9.1664200547972161 111 87 87 1.1996528734462282 51 177 52 201 53 145 50 237 60 123
996 -0.082644342896015688 7.5715041897545916 11.878599982876135 143 101 110 1.3912508005435178 50 54 52 54 53 55 54 52 56 67 48 63 55 87 58 64
986 -0.92148223333929324 6.8557328054024449 8.0005144336745087 129 122 215 1.2309746321620489 52 222 56 123 55 104 58 83
589 -3.9314667615939514 3.1068211958292893 8.6594820708437368 83 66 58 1.4919870040338912 44 179 46 157 47 133 52 171 50 138 51 117 53 134
389 -1.9844577307023612 4.6740186106495631 10.689632926611713 170 114 123 1.8546145840204225 38 228 37 235 40 160 34 180 42 220
786 -4.7189924535608876 -0.35857175145477566 9.6508351937196171 224 136 116 0.93306401163516739 49 143 50 153 52 141 51 126 53 130
283 -14.847474998213762 -7.2498808543260358 10.3406705077405 243 229 204 1.6842741683204998 41 175 39 282 36 89 37 121 40 95 41 94 44 192 44 209 46 89 46 160
1080 2.818702357296794 -2.3890399729329967 9.4827931272873869 99 58 53 1.5711349107904482 50 106 49 74 52 257 50 183 51 222 56 53 55 50 60 110 58 106 53 125 53 180 61 88 56 156
683 1.1034508906380331 3.1602777837327718 10.265249236744328 93 55 46 1.5749979078440397 48 66 50 91 49 99 52 64 51 42 53 64 54 62 56 74 55 46 58 69 60 63 59 39 61 25
1077 0.99082752060830159 2.7750348302551777 9.7787071103533947 133 90 84 0.74246148468908491 54 149 60 134
715 -2.613273012922543 3.7904196639483732 8.8651885087536808 192 153 150 0.87849250087820596 50 132 49 69 52 132 51 112 53 102 54 80 56 75 55 61 58 70 60 43 59 31
1006 -1.9856699396066142 5.8907611598009959 6.1023459849328896 180 146 161 0.95800115192085433 54 29 56 29 55 22 58 34 60 35
706 2.1059464318079213 3.8952609539785157 8.8337559020318501 130 108 115 1.8714672296428714 48 2 49 3 53 2 59 1
395 -3.5932844607908474 2.9871068936278347 9.8073710984941371 89 59 55 2.0135654309053699 36 212 41 196 35 213 39 306 37 185 36 273 41 225 35 276 38 294 40 241 40 243 34 174 34 242 39 311
792 -3.5181105731659916 3.0864907037372324 9.5438472333289646 136 104 97 0.73239688435245942 49 137 50 267 52 174 51 209
592 4.1622644367035679 3.8758243509337 7.513891521138258 83 49 51 0.96986616548763471 44 34 46 174 31 34
545 0.31779097270492584 5.2285193020025842 10.750824916362482 167 122 120 1.227748799709999 43 33 44 37 46 78
942 1.9659755837892694 2.4372779603286387 8.6667999806988565 138 98 96 0.79975651505634637 51 182 52 205 54 163 56 138 60 98
742 -3.2820957142234923 2.5574326505563798 8.9600950053256483 116 73 67 1.0066298056841838 47 185 50 271 49 232 52 176 51 151 53 176
344 4.9606694554995006 4.1957852980752479 10.549249353066969 70 25 27 0.98226361650984406 39 213 41 111 38 221 40 206 42 115 43 120
741 -2.5030472593672721 3.2116452317022679 9.0638892818163104 175 138 130 0.57778063755849529 50 214 49 223 52 227 51 199
1143 -9.7625225341984851 8.608762004036393 5.0580596582003921 0 0 0 2.0459125659895232 29 10 48 10
284 -6.4196498426281972 3.8940418087421942 9.4532431412811491 36 23 14 0.71729513617622764 41 248 39 283 38 219 37 181 40 216 44 108 46 182
1081 -1.5428493492690663 3.6097244435516735 5.7128171406443782 174 138 139 1.6654633887484447 53 35 54 32 56 51 51 35 55 23 50 29 52 27
684 -0.33517620002571752 3.2736720868217768 9.9651551224428641 118 84 79 1.0513016426426363 48 65 50 92 47 107 49 55 52 97 51 92 53 83 54 81 56 76 55 72 58 93 60 64 59 45
1078 -1.8703075224562837 4.2449801944447785 7.0575380049451431 200 200 198 1.5591778708469934 50 5 52 3 51 2 56 2 53 3 55 2 60 3 54 3 58 2
300 0.81433141652729191 7.128019289055735 7.5966790210102042 126 116 185 2.3656385863153138 36 130 39 127 38 123 40 171 46 94 47 90 49 111 52 107 51 47
1097 -8.9590117852375162 10.697843427976315 4.3726878416236312 170 166 155 0.17390725386980405 50 225 59 88
700 -3.3897153232893658 2.4139408165049283 8.779634813682657 146 104 98 0.76883792469371448 47 187 50 273 49 234 52 244 51 210 53 133
897 1.5706963699954319 2.0714471359343669 8.6463121795416811 144 101 93 2.4794608228429476 50 199 51 145 53 141 52 165 54 134 56 95 55 110 60 131 58 165 56 147
697 -2.0648785136664802 4.8033914268281421 6.4162395281637892 143 112 117 0.83839645176034916 48 101 50 230
784 -1.8691581244407285 3.2526382175756834 9.0250548385977911 203 157 159 0.84789515614264288 49 220 50 179 52 133 51 192 53 106 54 100 56 57 55 62 58 96 60 85
1075 0.38524720699011794 2.8882935526113163 9.9140312055157285 156 107 102 0.79433260630367064 54 99 55 91 58 97 60 87 56 114 59 65
343 -13.233503609579119 1.7796948839999107 10.752374066141337 123 79 66 1.5574901892278081 35 291 38 202 37 258 34 239
1137 1.720519429030628 2.3246007947908742 9.792206164128519 147 106 98 0.053255654669972924 59 64 61 91
