# Camera list with one line of data per camera:
#   CAMERA_ID, MODEL, WIDTH, HEIGHT, PARAMS[]
# Number of cameras: 14
27 SIMPLE_RADIAL 284 226 376.529 142 113 -0.386299
26 SIMPLE_RADIAL 284 226 3012 142 113 -51.4971
25 SIMPLE_RADIAL 284 226 1069.51 142 113 -6.59894
22 SIMPLE_RADIAL 284 226 931.461 142 113 -4.99607
21 SIMPLE_RADIAL 284 226 406.791 142 113 -0.907277
20 SIMPLE_RADIAL 284 226 352.786 142 113 -0.720187
19 SIMPLE_RADIAL 284 226 367.365 142 113 -0.775106
18 SIMPLE_RADIAL 284 226 384.616 142 113 -0.83834
16 SIMPLE_RADIAL 284 226 352.55 142 113 -0.718848
15 SIMPLE_RADIAL 284 226 335.639 142 113 -0.637227
14 SIMPLE_RADIAL 284 226 336.797 142 113 -0.642218
17 SIMPLE_RADIAL 284 226 382.668 142 113 -0.851815
23 SIMPLE_RADIAL 284 226 1042.16 142 113 -6.26683
12 SIMPLE_RADIAL 284 226 327.197 142 113 -0.598533
